frequency,phase
0.50000000000000,-39.059310559575
0.50249999761581,-39.354820545064
0.50499999523163,-39.662569960787
0.50749999284744,-39.982724092450
0.50999999046326,-40.314898875360
0.51249998807907,-40.658201493827
0.51499998569489,-41.011281209440
0.51749998331070,-41.372435566434
0.51999998092651,-41.739694218134
0.52249997854233,-42.110974963485
0.52499997615814,-42.484145723268
0.52749997377396,-42.857199489707
0.52999997138977,-43.228322789409
0.53250002861023,-43.596019250176
0.53500002622604,-43.959185667117
0.53750002384186,-44.317157593627
0.54000002145767,-44.669765334288
0.54250001907349,-45.017329402151
0.54500001668930,-45.360640791437
0.54750001430511,-45.700930658143
0.55000001192093,-46.039757207544
0.55250000953674,-46.378973782932
0.55500000715256,-46.720573694012
0.55750000476837,-47.066607882177
0.56000000238419,-47.419050831775
0.56250000000000,-47.779705968967
0.56499999761581,-48.150103013198
0.56749999523163,-48.531426215668
0.56999999284744,-48.924454041496
0.57249999046326,-49.329555304208
0.57499998807907,-49.746628486422
0.57749998569489,-50.175190132745
0.57999998331070,-50.614362343040
0.58249998092651,-51.062971005002
0.58499997854233,-51.519605910374
0.58749997615814,-51.982714837836
0.58999997377396,-52.450675425070
0.59249997138977,-52.921927519730
0.59500002861023,-53.395010840358
0.59750002622604,-53.868735872977
0.60000002384186,-54.342127240273
0.60250002145767,-54.814598527380
0.60500001907349,-55.285880677769
0.60750001668930,-55.756125456086
0.61000001430511,-56.225881145912
0.61250001192093,-56.696007437350
0.61500000953674,-57.167686397314
0.61750000715256,-57.642358837377
0.62000000476837,-58.121638686967
0.62250000238419,-58.607169970889
0.62500000000000,-59.100699438800
0.62749999761581,-59.603756784249
0.62999999523163,-60.117789766563
0.63249999284744,-60.644007210205
0.63499999046326,-61.183311163246
0.63749998807907,-61.736315260431
0.63999998569489,-62.303243770828
0.64249998331070,-62.884055706935
0.64499998092651,-63.478358172001
0.64749997854233,-64.085534740547
0.64999997615814,-64.704731802629
0.65249997377396,-65.334954192074
0.65499997138977,-65.975058279423
0.65750002861023,-66.623988546762
0.66000002622604,-67.280689257383
0.66250002384186,-67.944209880429
0.66500002145767,-68.613820180055
0.66750001907349,-69.289051648133
0.67000001668930,-69.969626062057
0.67250001430511,-70.655664150911
0.67500001192093,-71.347465156064
0.67750000953674,-72.045711662347
0.68000000715256,-72.751335274345
0.68250000476837,-73.465508168561
0.68500000238419,-74.189535647894
0.68750000000000,-74.924947853183
0.68999999761581,-75.673236863966
0.69249999523163,-76.435997628095
0.69499999284744,-77.214652981248
0.69749999046326,-78.010582938581
0.69999998807907,-78.824986259375
0.70249998569489,-79.658883950969
0.70499998331070,-80.513012698311
0.70749998092651,-81.387939742899
0.70999997854233,-82.283951211096
0.71249997615814,-83.201129857635
0.71499997377396,-84.139392602073
0.71749997138977,-85.098481167860
0.72000002861023,-86.078012275582
0.72250002622604,-87.077576393926
0.72500002384186,-88.096743200073
0.72750002145767,-89.135109298846
0.73000001907349,-90.192381628032
0.73250001668930,-91.268389143814
0.73500001430511,-92.363125146500
0.73750001192093,-93.476814857823
0.74000000953674,-94.609847714695
0.74250000715256,-95.762885711423
0.74500000476837,-96.936776569769
0.74750000238419,-98.132613617527
0.75000000000000,-99.351658882996
0.75249999761581,-100.59535362321
0.75499999523163,-101.86523683162
0.75749999284744,-103.16296642122
0.75999999046326,-104.49021995757
0.76249998807907,-105.84869905075
0.76499998569489,-107.24006231337
0.76749998331070,-108.66589065769
0.76999998092651,-110.12766833875
0.77249997854233,-111.62674630939
0.77499997615814,-113.16435709552
0.77749997377396,-114.74156363299
0.77999997138977,-116.35928185817
0.78250002861023,-118.01829177926
0.78500002622604,-119.71924240287
0.78750002384186,-121.46265968942
0.79000002145767,-123.24898635091
0.79250001907349,-125.07859134372
0.79500001668930,-126.95178343679
0.79750001430511,-128.86885377346
0.80000001192093,-130.83008671143
0.80250000953674,-132.83578541181
0.80500000715256,-134.88627828737
0.80750000476837,-136.98193061674
0.81000000238419,-139.12314071988
0.81250000000000,-141.31035866276
0.81499999761581,-143.54410445900
0.81749999523163,-145.82487809899
0.81999999284744,-148.15322313967
0.82249999046326,-150.52969256876
0.82499998807907,-152.95483318759
0.82749998569489,-155.42909437434
0.82999998331070,-157.95291816098
0.83249998092651,-160.52665796694
0.83499997854233,-163.15051607523
0.83749997615814,-165.82456112202
0.83999997377396,-168.54875589920
0.84249997138977,-171.32278217163
0.84500002861023,-174.14623223597
0.84750002622604,-177.01842233689
0.85000002384186,-179.93838304537
0.85250002145767,177.09499245474
0.85500001907349,174.08312515083
0.85750001668930,171.02770788959
0.86000001430511,167.93066910776
0.86250001192093,164.79420524879
0.86500000953674,161.62074733363
0.86750000715256,158.41303248182
0.87000000476837,155.17397746639
0.87250000238419,151.90677297782
0.87500000000000,148.61479783541
0.87749999761581,145.30162357471
0.87999999523163,141.97097788397
0.88249999284744,138.62675172313
0.88499999046326,135.27293830300
0.88749998807907,131.91357790029
0.88999998569489,128.55275600248
0.89249998331070,125.19456914345
0.89499998092651,121.84305387612
0.89749997854233,118.50221604813
0.89999997615814,115.17585799074
0.90249997377396,111.86769678552
0.90499997138977,108.58122829419
0.90750002861023,105.31975738049
0.91000002622604,102.08637431002
0.91250002384186,98.883780066742
0.91500002145767,95.714682117988
0.91750001907349,92.581319032318
0.92000001668930,89.485877325755
0.92250001430511,86.430078067671
0.92500001192093,83.415669619536
0.92750000953674,80.444127435860
0.93000000715256,77.516789528608
0.93250000476837,74.634887981049
0.93500000238419,71.799621955430
0.93750000000000,69.012003199741
0.93999999761581,66.273096445981
0.94249999523163,63.583998114299
0.94499999284744,60.945632473418
0.94749999046326,58.359040562780
0.94999998807907,55.825201571779
0.95249998569489,53.345052780079
0.95499998331070,50.919568713006
0.95749998092651,48.549465248454
0.95999997854233,46.235535476920
0.96249997615814,43.978293813594
0.96499997377396,41.778210005539
0.96749997138977,39.635387982298
0.97000002861023,37.549747339853
0.97250002622604,35.520959210335
0.97500002384186,33.548348287967
0.97750002145767,31.630869577965
0.98000001907349,29.767209471787
0.98250001668930,27.955789245076
0.98500001430511,26.194584818882
0.98750001192093,24.481411867092
0.99000000953674,22.813914286483
0.99250000715256,21.189448653448
0.99500000476837,19.605447778835
0.99750000238419,18.059174331356
1.0000000000000,16.548117220084
1.0025000572205,15.069846379273
1.0049999952316,13.622200277024
1.0075000524521,12.203188243075
1.0099999904633,10.811387612243
1.0125000476837,9.4455956137202
1.0149999856949,8.1050482602191
1.0175000429153,6.7894986404403
1.0199999809265,5.4990025353262
1.0225000381470,4.2340516960650
1.0249999761581,2.9954379295343
1.0275000333786,1.7843087233132
1.0299999713898,0.60189359433302
1.0325000286102,-0.55033204783963
1.0349999666214,-1.6708929170349
1.0375000238419,-2.7583954515322
1.0399999618530,-3.8115286009660
1.0425000190735,-4.8292543824937
1.0449999570847,-5.8107524931321
1.0475000143051,-6.7556409263628
1.0499999523163,-7.6638094471507
1.0525000095367,-8.5356693047373
1.0549999475479,-9.3720121576798
1.0575000047684,-10.173959912011
1.0599999427795,-10.942983358347
1.0625000000000,-11.680862278867
1.0650000572205,-12.389454186499
1.0674999952316,-13.070643364573
1.0700000524521,-13.726203187556
1.0724999904633,-14.357668329336
1.0750000476837,-14.966212061353
1.0774999856949,-15.552432807054
1.0800000429153,-16.116305067103
1.0824999809265,-16.657091524710
1.0850000381470,-17.173262549827
1.0874999761581,-17.662415255129
1.0900000333786,-18.121267896487
1.0924999713898,-18.545639819478
1.0950000286102,-18.930670988284
1.0974999666214,-19.270514467531
1.1000000238419,-19.558832150626
1.1024999618530,-19.788626776983
1.1050000190735,-19.952520374419
1.1074999570847,-20.042709515562
1.1100000143051,-20.051421471027
1.1124999523163,-19.970690863683
1.1150000095367,-19.792941062296
1.1174999475479,-19.510746991611
1.1200000047684,-19.117245218366
1.1224999427795,-18.606155683378
1.1250000000000,-17.971850270567
1.1275000572205,-17.209381520594
1.1299999952316,-16.314407859996
1.1325000524521,-15.283294749731
1.1349999904633,-14.112601235572
1.1375000476837,-12.799210766516
1.1399999856949,-11.340064196133
1.1425000429153,-9.7317733256372
1.1449999809265,-7.9709497174869
1.1475000381470,-6.0538253913857
1.1499999761581,-3.9769563095156
1.1525000333786,-1.7376101511604
1.1549999713898,0.66538699537452
1.1575000286102,3.2300956138440
1.1599999666214,5.9505053705016
1.1625000238419,8.8145133325467
1.1649999618530,11.802911320777
1.1675000190735,14.888573933523
1.1699999570847,18.036442736045
1.1725000143051,21.204721948376
1.1749999523163,24.347321499847
1.1775000095367,27.416943956804
1.1799999475479,30.368539650244
1.1825000047684,33.162662839377
1.1849999427795,35.767806942656
1.1875000000000,38.161651273271
1.1900000572205,40.331465365064
1.1924999952316,42.273044452868
1.1950000524521,43.989743336808
1.1974999904633,45.490580248267
1.2000000476837,46.788695931842
1.2024999856949,47.899968826942
1.2050000429153,48.841605084682
1.2074999809265,49.631368772273
1.2100000381470,50.286628633298
1.2124999761581,50.823864634889
1.2150000333786,51.258482702117
1.2174999713898,51.604472665805
1.2200000286102,51.874072574429
1.2224999666214,52.078242073944
1.2250000238419,52.226076402409
1.2274999618530,52.325358899808
1.2300000190735,52.382297580215
1.2324999570847,52.402023114775
1.2350000143051,52.388305862846
1.2374999523163,52.344129078708
1.2400000095367,52.271591347983
1.2424999475479,52.172225938735
1.2450000047684,52.047152627728
1.2474999427795,51.897160907757
1.2500000000000,51.722962634030
1.2525000572205,51.525269815285
1.2549999952316,51.304875448828
1.2575000524521,51.062787042715
1.2599999904633,50.800177585143
1.2625000476837,50.518473335582
1.2649999856949,50.219309457902
1.2675000429153,49.904547711407
1.2699999809265,49.576126568690
1.2725000381470,49.236063793085
1.2749999761581,48.886386724785
1.2775000333786,48.529085990293
1.2799999713898,48.165882508345
1.2825000286102,47.798444932223
1.2849999666214,47.427949380171
1.2875000238419,47.055400849033
1.2899999618530,46.681300978463
1.2925000190735,46.305887660320
1.2949999570847,45.928995830140
1.2975000143051,45.550084900625
1.2999999523163,45.168303377388
1.3025000095367,44.782697886762
1.3049999475479,44.391956781473
1.3075000047684,43.994849324307
1.3099999427795,43.590093061481
1.3125000000000,43.176511129300
1.3150000572205,42.753151592267
1.3174999952316,42.319243269831
1.3200000524521,41.874457521136
1.3224999904633,41.418668979292
1.3250000476837,40.952247245881
1.3274999856949,40.475882212442
1.3300000429153,39.990668426256
1.3324999809265,39.498015191195
1.3350000381470,38.999636315143
1.3374999761581,38.497449130350
1.3400000333786,37.993490868574
1.3424999713898,37.490025169984
1.3450000286102,36.989122374883
1.3474999666214,36.492926706021
1.3500000238419,36.003308207865
1.3524999618530,35.521918483183
1.3550000190735,35.050200690123
1.3574999570847,34.589189863701
1.3600000143051,34.139459742182
1.3624999523163,33.701399475140
1.3650000095367,33.274730727164
1.3674999475479,32.858936893755
1.3700000047684,32.453198178042
1.3724999427795,32.056254573468
1.3750000000000,31.666684272001
1.3775000572205,31.282937161008
1.3799999952316,30.903319246731
1.3825000524521,30.526183464433
1.3849999904633,30.149891157026
1.3875000476837,29.773111514211
1.3899999856949,29.394527884911
1.3925000429153,29.013240778736
1.3949999809265,28.628535279409
1.3975000381470,28.240116549821
1.3999999761581,27.847873042068
1.4025000333786,27.451994425207
1.4049999713898,27.052921595848
1.4075000286102,26.651252831052
1.4099999666214,26.247723064281
1.4125000238419,25.843184707920
1.4149999618530,25.438346054995
1.4175000190735,25.034053237052
1.4199999570847,24.630855497029
1.4225000143051,24.229212829872
1.4249999523163,23.829398843994
1.4275000095367,23.431418360840
1.4299999475479,23.035074845147
1.4325000047684,22.639907871746
1.4349999427795,22.245260960707
1.4375000000000,21.850367369834
1.4400000572205,21.454298191599
1.4424999952316,21.056043308731
1.4450000524521,20.654645389144
1.4474999904633,20.249178503337
1.4500000476837,19.838847758355
1.4524999856949,19.423081653454
1.4550000429153,19.001466718324
1.4574999809265,18.573951247739
1.4600000381470,18.140645886221
1.4624999761581,17.702063439599
1.4650000333786,17.258948970669
1.4674999713898,16.812255354292
1.4700000286102,16.363264467084
1.4724999666214,15.913291863926
1.4750000238419,15.463864333654
1.4774999618530,15.016515909141
1.4800000190735,14.572745126052
1.4824999570847,14.133945767786
1.4850000143051,13.701376751603
1.4874999523163,13.276075549960
1.4900000095367,12.858776430947
1.4924999475479,12.449949362167
1.4950000047684,12.049672640386
1.4974999427795,11.657784802763
1.5000000000000,11.273681401763
1.5025000572205,10.896573772811
1.5049999952316,10.525311617071
1.5075000524521,10.158584759544
1.5099999904633,9.7949726912272
1.5125000476837,9.4330542252569
1.5149999856949,9.0712735278455
1.5175000429153,8.7082900045838
1.5199999809265,8.3429022391664
1.5225000381470,7.9741539940302
1.5249999761581,7.6013629821522
1.5275000333786,7.2241445664369
1.5299999713898,6.8424459175326
1.5325000286102,6.4565131779328
1.5349999666214,6.0669189331262
1.5375000238419,5.6744841794890
1.5399999618530,5.2801629603317
1.5425000190735,4.8851325193425
1.5449999570847,4.4906755415729
1.5475000143051,4.0979667493202
1.5499999523163,3.7081544026610
1.5525000095367,3.3222758283774
1.5549999475479,2.9411239657526
1.5575000047684,2.5652723952517
1.5599999427795,2.1949396964098
1.5625000000000,1.8300981425599
1.5650000572205,1.4704204877502
1.5674999952316,1.1151685682419
1.5700000524521,0.76346846772321
1.5724999904633,0.41411799811789
1.5750000476837,0.065887647199849
1.5774999856949,-0.28258861614915
1.5800000429153,-0.63264946714098
1.5824999809265,-0.98563360436065
1.5850000381470,-1.3425519848620
1.5874999761581,-1.7043061559617
1.5900000333786,-2.0714971973258
1.5924999713898,-2.4443432409357
1.5950000286102,-2.8227634727022
1.5974999666214,-3.2062921631663
1.6000000238419,-3.5942465926800
1.6024999618530,-3.9855071994082
1.6050000190735,-4.3788169734424
1.6074999570847,-4.7727551588997
1.6100000143051,-5.1658736067490
1.6124999523163,-5.5565330801900
1.6150000095367,-5.9434497507372
1.6174999475479,-6.3253386961179
1.6200000047684,-6.7012723054500
1.6224999427795,-7.0706219420356
1.6250000000000,-7.4331678978029
1.6275000572205,-7.7890203914239
1.6299999952316,-8.1388917130607
1.6325000524521,-8.4837331042589
1.6349999904633,-8.8249419738414
1.6375000476837,-9.1642392416546
1.6399999856949,-9.5035631907006
1.6425000429153,-9.8449624578145
1.6449999809265,-10.190515060621
1.6475000381470,-10.542215887461
1.6499999761581,-10.901757755402
1.6525000333786,-11.270668817827
1.6549999713898,-11.649826633333
1.6575000286102,-12.039912201001
1.6599999666214,-12.440844190099
1.6625000238419,-12.852130119392
1.6649999618530,-13.272734440561
1.6675000190735,-13.701041590450
1.6699999570847,-14.135031949636
1.6725000143051,-14.572409360903
1.6749999523163,-15.010525392703
1.6775000095367,-15.446591788613
1.6799999475479,-15.877876900575
1.6825000047684,-16.301649414726
1.6849999427795,-16.715531919518
1.6875000000000,-17.117421718578
1.6900000572205,-17.505675644795
1.6924999952316,-17.879259986456
1.6950000524521,-18.237734753152
1.6974999904633,-18.581239851755
1.7000000476837,-18.910699086433
1.7024999856949,-19.227510955376
1.7050000429153,-19.533668460305
1.7074999809265,-19.831573229056
1.7100000381470,-20.123877085928
1.7124999761581,-20.413423606826
1.7150000333786,-20.702885785872
1.7174999713898,-20.994699295322
1.7200000286102,-21.290884367648
1.7224999666214,-21.592917052561
1.7250000238419,-21.901475518212
1.7274999618530,-22.216458247313
1.7300000190735,-22.536929224807
1.7324999570847,-22.860980440479
1.7350000143051,-23.186043065523
1.7374999523163,-23.508563390303
1.7400000095367,-23.824556063890
1.7424999475479,-24.129373996762
1.7450000047684,-24.418018177890
1.7474999427795,-24.685542996906
1.7500000000000,-24.926894932786
1.7525000572205,-25.137455128222
1.7549999952316,-25.313072383369
1.7575000524521,-25.450388042967
1.7599999904633,-25.546964697270
1.7625000476837,-25.601445217191
1.7649999856949,-25.613683784526
1.7675000429153,-25.584641504106
1.7699999809265,-25.516449310593
1.7725000381470,-25.412139932366
1.7749999761581,-25.275343056747
1.7775000333786,-25.110025302886
1.7799999713898,-24.919818404922
1.7825000286102,-24.707781939930
1.7849999666214,-24.475554760406
1.7875000238419,-24.222921195657
1.7899999618530,-23.947336627725
1.7925000190735,-23.643119176603
1.7949999570847,-23.301229462322
1.7975000143051,-22.908682535333
1.7999999523163,-22.448082808337
1.8025000095367,-21.897213533147
1.8049999475479,-21.228756201693
1.8075000047684,-20.409654879729
1.8099999427795,-19.401215339453
1.8125000000000,-18.158585982450
1.8150000572205,-16.631574905421
1.8174999952316,-14.765376835040
1.8200000524521,-12.503107632614
1.8224999904633,-9.7902393309808
1.8250000476837,-6.5815530391741
1.8274999856949,-2.8512313967283
1.8300000429153,1.3949059208799
1.8324999809265,6.1075175663357
1.8350000381470,11.188085080594
1.8374999761581,16.493857837338
1.8400000333786,21.856649731876
1.8424999713898,27.110322717147
1.8450000286102,32.117232612230
1.8474999666214,36.784194673674
1.8500000238419,41.064945839680
1.8524999618530,44.952113759313
1.8550000190735,48.464363741522
1.8574999570847,51.633736656522
1.8600000143051,54.495691506791
1.8624999523163,57.082421289179
1.8650000095367,59.418867183491
1.8674999475479,61.521362302493
1.8700000047684,63.398025620370
1.8724999427795,65.049864433664
1.8750000000000,66.473085262124
1.8775000572205,67.661129580702
1.8799999952316,68.607192258329
1.8825000524521,69.305564504250
1.8849999904633,69.753350161043
1.8875000476837,69.950880486870
1.8899999856949,69.901921953018
1.8925000429153,69.613716390182
1.8949999809265,69.096369929472
1.8975000381470,68.362343241033
1.8999999761581,67.425784897382
1.9025000333786,66.302194227575
1.9049999713898,65.007762723647
1.9075000286102,63.558971832133
1.9099999666214,61.972563480961
1.9125000238419,60.265125225274
1.9149999618530,58.453131414618
1.9175000190735,56.552670685241
1.9199999570847,54.579812279970
1.9225000143051,52.550398491852
1.9249999523163,50.480167741842
1.9275000095367,48.385023334854
1.9299999475479,46.280996935103
1.9325000047684,44.184675394628
1.9349999427795,42.113051121255
1.9375000000000,40.084103156094
1.9400000572205,38.116869921385
1.9424999952316,36.231821856648
1.9450000524521,34.451027433455
1.9474999904633,32.798747510471
1.9500000476837,31.301461464987
1.9524999856949,29.988426894338
1.9550000429153,28.891798113376
1.9574999809265,28.046632152553
1.9600000381470,27.490682547575
1.9624999761581,27.263674089270
1.9650000333786,27.405522767263
1.9674999713898,27.953686781469
1.9700000286102,28.938680682816
1.9724999666214,30.378294464835
1.9750000238419,32.269845313307
1.9774999618530,34.583148172758
1.9800000190735,37.255311839878
1.9824999570847,40.190790030340
1.9850000143051,43.269376671447
1.9874999523163,46.360334347378
1.9900000095367,49.340402753654
1.9924999475479,52.109251775328
1.9950000047684,54.598366163544
1.9974999427795,56.772358494771
2.0000000000000,58.624732540429
2.0025000572205,60.170349401836
2.0050001144409,61.438034469210
2.0074999332428,62.463845364055
2.0099999904633,63.286418458501
2.0125000476837,63.943484584723
2.0150001049042,64.470062933769
2.0174999237061,64.897033155523
2.0199999809265,65.250726358668
2.0225000381470,65.552648154857
2.0250000953674,65.819489666944
2.0274999141693,66.063410439760
2.0299999713898,66.292248040733
2.0325000286102,66.510021889383
2.0350000858307,66.717416388405
2.0374999046326,66.912539947561
2.0399999618530,67.091407020701
2.0425000190735,67.248802928372
2.0450000762939,67.378876219306
2.0474998950958,67.475921451379
2.0499999523163,67.534743018612
2.0525000095367,67.551214036258
2.0550000667572,67.522639856087
2.0574998855591,67.447779402836
2.0599999427795,67.326965897209
2.0625000000000,67.162060171174
2.0650000572205,66.956142134373
2.0675001144409,66.713535862537
2.0699999332428,66.439369640980
2.0724999904633,66.139252373742
2.0750000476837,65.819272513837
2.0775001049042,65.485356279756
2.0799999237061,65.143355982037
2.0824999809265,64.798487255241
2.0850000381470,64.455501234824
2.0875000953674,64.118200305765
2.0899999141693,63.789531553435
2.0924999713898,63.471381446479
2.0950000286102,63.164703511695
2.0975000858307,62.869422167040
2.0999999046326,62.584492910712
2.1024999618530,62.308170775944
2.1050000190735,62.037999000908
2.1075000762939,61.771046033342
2.1099998950958,61.504232129101
2.1124999523163,61.234384787797
2.1150000095367,60.958445672144
2.1175000667572,60.673817768015
2.1199998855591,60.378397056510
2.1224999427795,60.070600351821
2.1250000000000,59.749581195497
2.1275000572205,59.415257820715
2.1300001144409,59.068176325015
2.1324999332428,58.709563633393
2.1349999904633,58.341197806426
2.1375000476837,57.965266983218
2.1400001049042,57.584356546595
2.1424999237061,57.201131784317
2.1449999809265,56.818395632104
2.1475000381470,56.438715753986
2.1500000953674,56.064561111941
2.1524999141693,55.697911806612
2.1549999713898,55.340394230858
2.1575000286102,54.993065867178
2.1600000858307,54.656474055215
2.1624999046326,54.330482692267
2.1649999618530,54.014466640234
2.1675000190735,53.707216577183
2.1700000762939,53.407177329115
2.1724998950958,53.112333084119
2.1749999523163,52.820520011639
2.1775000095367,52.529472644217
2.1800000667572,52.236866785906
2.1824998855591,51.940682561422
2.1849999427795,51.638978797041
2.1875000000000,51.330392934462
2.1900000572205,51.013799218608
2.1925001144409,50.688656147178
2.1949999332428,50.354958922921
2.1974999904633,50.013010242763
2.2000000476837,49.663770497266
2.2025001049042,49.308355940514
2.2049999237061,48.948403915515
2.2074999809265,48.585612497289
2.2100000381470,48.221863096442
2.2125000953674,47.859071029478
2.2149999141693,47.498985525234
2.2174999713898,47.143296127084
2.2200000286102,46.793315734507
2.2225000858307,46.450112467978
2.2249999046326,46.114394506394
2.2274999618530,45.786407718092
2.2300000190735,45.466045377386
2.2325000762939,45.152811208741
2.2349998950958,44.845837497584
2.2374999523163,44.543942340853
2.2400000095367,44.245847724426
2.2425000667572,43.950015725508
2.2449998855591,43.654870962287
2.2474999427795,43.358985858369
2.2500000000000,43.060972522224
2.2525000572205,42.759736477941
2.2550001144409,42.454370082721
2.2574999332428,42.144390392297
2.2599999904633,41.829571662396
2.2625000476837,41.510109910119
2.2650001049042,41.186495920179
2.2674999237061,40.859518565740
2.2699999809265,40.530305745425
2.2725000381470,40.200080765717
2.2750000953674,39.870180097877
2.2774999141693,39.542060083027
2.2799999713898,39.217051296007
2.2825000286102,38.896466479101
2.2850000858307,38.581322598437
2.2874999046326,38.272488041987
2.2899999618530,37.970487543341
2.2925000190735,37.675560988894
2.2950000762939,37.387570825085
2.2974998950958,37.106059628618
2.2999999523163,36.830282254290
2.3025000095367,36.559234285216
2.3050000667572,36.291709673815
2.3074998855591,36.026370121727
2.3099999427795,35.761793839258
2.3125000000000,35.496594054190
2.3150000572205,35.229476636486
2.3175001144409,34.959302475001
2.3199999332428,34.685166421640
2.3224999904633,34.406466947683
2.3250000476837,34.122876859635
2.3275001049042,33.834369295327
2.3299999237061,33.541274252810
2.3324999809265,33.244184510336
2.3350000381470,32.943876612681
2.3375000953674,32.641462021517
2.3399999141693,32.338068015357
2.3424999713898,32.034967941041
2.3450000286102,31.733403142833
2.3475000858307,31.434544060126
2.3499999046326,31.139393953253
2.3524999618530,30.848867912205
2.3550000190735,30.563586396166
2.3575000762939,30.283791193909
2.3599998950958,30.009576087016
2.3624999523163,29.740762664891
2.3650000095367,29.476707764923
2.3675000667572,29.216723857920
2.3699998855591,28.959828168603
2.3724999427795,28.704871970432
2.3750000000000,28.450652074886
2.3775000572205,28.195967389631
2.3800001144409,27.939644435897
2.3824999332428,27.680616334930
2.3849999904633,27.418063202016
2.3875000476837,27.151330872131
2.3900001049042,26.880035155376
2.3924999237061,26.604097614848
2.3949999809265,26.323649784296
2.3975000381470,26.039129012424
2.4000000953674,25.751223996164
2.4024999141693,25.460775870225
2.4049999713898,25.168798925630
2.4075000286102,24.876358226061
2.4100000858307,24.584517510440
2.4124999046326,24.294344886862
2.4149999618530,24.006765623084
2.4175000190735,23.722575097978
2.4200000762939,23.442291730070
2.4224998950958,23.166298234465
2.4249999523163,22.894621485293
2.4275000095367,22.627041815718
2.4300000667572,22.363149803777
2.4324998855591,22.102208365279
2.4349999427795,21.843344808612
2.4375000000000,21.585573365789
2.4400000572205,21.327774921446
2.4425001144409,21.068802606943
2.4449999332428,20.807589105962
2.4474999904633,20.543203164235
2.4500000476837,20.274913802065
2.4525001049042,20.002089999662
2.4549999237061,19.724374094186
2.4574999809265,19.441766747468
2.4600000381470,19.154517617935
2.4625000953674,18.863032658403
2.4649999141693,18.568077330552
2.4674999713898,18.270526888806
2.4700000286102,17.971447958729
2.4725000858307,17.671957375143
2.4749999046326,17.373232644954
2.4774999618530,17.076363915373
2.4800000190735,16.782339616717
2.4825000762939,16.492054633043
2.4849998950958,16.206142557381
2.4874999523163,15.924957407778
2.4900000095367,15.648582069121
2.4925000667572,15.376905031662
2.4949998855591,15.109380605568
2.4974999427795,14.845352083075
2.5000000000000,14.583837442325
2.5025000572205,14.323742746505
2.5050001144409,14.063842227187
2.5074999332428,13.802845790886
2.5099999904633,13.539582751913
2.5125000476837,13.272823125780
2.5150001049042,13.001610611729
2.5174999237061,12.725178994568
2.5199999809265,12.443037467569
2.5225000381470,12.154886236206
2.5250000953674,11.860805086042
2.5274999141693,11.561150953726
2.5299999713898,11.256551990716
2.5325000286102,10.947854395345
2.5350000858307,10.636043291826
2.5374999046326,10.322318107146
2.5399999618530,10.007910862272
2.5425000190735,9.6939953747739
2.5450000762939,9.3817741893573
2.5474998950958,9.0722023553395
2.5499999523163,8.7661287455983
2.5525000095367,8.4640971832192
2.5550000667572,8.1663834255847
2.5574998855591,7.8730396233320
2.5599999427795,7.5837678246189
2.5625000000000,7.2979647942054
2.5650000572205,7.0148126236681
2.5675001144409,6.7332726167950
2.5699999332428,6.4521688732058
2.5724999904633,6.1702192176615
2.5750000476837,5.8861922401719
2.5775001049042,5.5988593814032
2.5799999237061,5.3071289969405
2.5824999809265,5.0102070550173
2.5850000381470,4.7074110911240
2.5875000953674,4.3984678604259
2.5899999141693,4.0833501482821
2.5924999713898,3.7623312918692
2.5950000286102,3.4360665526582
2.5975000858307,3.1053765538915
2.5999999046326,2.7714074731264
2.6024999618530,2.4353349248270
2.6050000190735,2.0986067381880
2.6075000762939,1.7625340636297
2.6099998950958,1.4285376064919
2.6124999523163,1.0977106851793
2.6150000095367,0.77117297799074
2.6175000667572,0.44968966722305
2.6199998855591,0.13364313629167
2.6224999427795,-0.17672067770556
2.6250000000000,-0.48164761679654
2.6275000572205,-0.78168415268349
2.6300001144409,-1.0775407808786
2.6324999332428,-1.3704192103805
2.6349999904633,-1.6615492620734
2.6375000476837,-1.9523786349497
2.6400001049042,-2.2443282152301
2.6424999237061,-2.5387638069614
2.6449999809265,-2.8369429116320
2.6475000381470,-3.1399027082173
2.6500000953674,-3.4483269522735
2.6524999141693,-3.7625975022373
2.6549999713898,-4.0826328500564
2.6575000286102,-4.4079680255051
2.6600000858307,-4.7377024541829
2.6624999046326,-5.0704969708564
2.6649999618530,-5.4046843595131
2.6675000190735,-5.7382701483628
2.6700000762939,-6.0690152123005
2.6724998950958,-6.3945145918925
2.6749999523163,-6.7123102536038
2.6775000095367,-7.0198874752355
2.6800000667572,-7.3148969453858
2.6824998855591,-7.5952073926528
2.6849999427795,-7.8588799711757
2.6875000000000,-8.1043027405641
2.6900000572205,-8.3302453918210
2.6925001144409,-8.5358879075457
2.6949999332428,-8.7206589137243
2.6974999904633,-8.8844201892772
2.7000000476837,-9.0272528043633
2.7025001049042,-9.1493221808956
2.7049999237061,-9.2509822355351
2.7074999809265,-9.3323440249942
2.7100000381470,-9.3933503325477
2.7125000953674,-9.4335129201253
2.7149999141693,-9.4517899684430
2.7174999713898,-9.4463527125419
2.7200000286102,-9.4145244778875
2.7225000858307,-9.3526150038441
2.7249999046326,-9.2558999713642
2.7274999618530,-9.1183125403664
2.7300000190735,-8.9326141710219
2.7325000762939,-8.6903060287875
2.7349998950958,-8.3815804112068
2.7374999523163,-7.9954023433919
2.7400000095367,-7.5195024076768
2.7425000667572,-6.9406839736423
2.7449998855591,-6.2446882937033
2.7474999427795,-5.4167327850376
2.7500000000000,-4.4416821329401
2.7525000572205,-3.3043463455967
2.7550001144409,-1.9902725409874
2.7574999332428,-0.48604628925118
2.7599999904633,1.2195886388659
2.7625000476837,3.1350193539480
2.7650001049042,5.2648092705581
2.7674999237061,7.6085204583403
2.7699999809265,10.160032821420
2.7725000381470,12.906561774015
2.7750000953674,15.828461020677
2.7774999141693,18.899396492916
2.7799999713898,22.086879942257
2.7825000286102,25.353761246105
2.7850000858307,28.659847359940
2.7874999046326,31.963938720196
2.7899999618530,35.225762585113
2.7925000190735,38.408003886376
2.7950000762939,41.477242704432
2.7974998950958,44.405263452077
2.7999999523163,47.169276438869
2.8025000095367,49.751990303798
2.8050000667572,52.141218389700
2.8074998855591,54.329692075735
2.8099999427795,56.314215893270
2.8125000000000,58.095366581482
2.8150000572205,59.676664777730
2.8175001144409,61.064231517929
2.8199999332428,62.266179820560
2.8224999904633,63.292237106080
2.8250000476837,64.153252401979
2.8275001049042,64.860914950269
2.8299999237061,65.427409537496
2.8324999809265,65.865143578899
2.8350000381470,66.186515477407
2.8375000953674,66.403742869526
2.8399999141693,66.528628237761
2.8424999713898,66.572422830638
2.8450000286102,66.545758485043
2.8475000858307,66.458496474424
2.8499999046326,66.319733067798
2.8524999618530,66.137559519922
2.8550000190735,65.919156069018
2.8575000762939,65.670783217054
2.8599998950958,65.397712025822
2.8624999523163,65.104177955110
2.8650000095367,64.793650825451
2.8675000667572,64.468532745287
2.8699998855591,64.130548837682
2.8724999427795,63.780760336650
2.8750000000000,63.419526711266
2.8775000572205,63.046842726573
2.8800001144409,62.662332144989
2.8824999332428,62.265469168324
2.8849999904633,61.855660398334
2.8875000476837,61.432349327213
2.8900001049042,60.995191583566
2.8924999237061,60.544098234461
2.8949999809265,60.079290921107
2.8975000381470,59.601368736812
2.9000000953674,59.111396342778
2.9024999141693,58.610635260931
2.9049999713898,58.100806014057
2.9075000286102,57.583920806244
2.9100000858307,57.062202372595
2.9124999046326,56.537973900623
2.9149999618530,56.013659911357
2.9175000190735,55.491613116649
2.9200000762939,54.974025587825
2.9224998950958,54.462932915223
2.9249999523163,53.959958753846
2.9275000095367,53.466467037183
2.9300000667572,52.983269947034
2.9324998855591,52.510868171925
2.9349999427795,52.049174338107
2.9375000000000,51.597697175412
2.9400000572205,51.155458576640
2.9425001144409,50.721219746243
2.9449999332428,50.293433061328
2.9474999904633,49.870344759990
2.9500000476837,49.450037860961
2.9525001049042,49.030802780514
2.9549999237061,48.610938619388
2.9574999809265,48.188941361863
2.9600000381470,47.763775363505
2.9625000953674,47.334564004874
2.9649999141693,46.901094582844
2.9674999713898,46.463417228682
2.9700000286102,46.022128966444
2.9725000858307,45.578112444514
2.9749999046326,45.132761512371
2.9774999618530,44.687648082514
2.9800000190735,44.244589387662
2.9825000762939,43.805490436530
2.9849998950958,43.372264318925
2.9874999523163,42.946716052083
2.9900000095367,42.530485699467
2.9925000667572,42.124907580122
2.9949998855591,41.730916222134
2.9974999427795,41.349136026758
3.0000000000000,40.979568754769
