frequency,refcoef
0.50000000000000,-0.035811737171288
0.50249999761581,-0.030153348702618
0.50499999523163,-0.024182436079890
0.50749999284744,-0.018254093252613
0.50999999046326,-0.012713044916938
0.51249998807907,-0.0078787175692110
0.51499998569489,-0.0040182059362502
0.51749998331070,-0.0013444829868179
0.51999998092651,2.1960282210169e-08
0.52249997854233,-4.8989240885576e-05
0.52499997615814,-0.0014793139580848
0.52749997377396,-0.0042034417850639
0.52999997138977,-0.0080615198315761
0.53250002861023,-0.012838848069051
0.53500002622604,-0.018268051029817
0.53750002384186,-0.024052365158665
0.54000002145767,-0.029880377973813
0.54250001907349,-0.035441056799959
0.54500001668930,-0.040444982584019
0.54750001430511,-0.044638631962373
0.55000001192093,-0.047818859769987
0.55250000953674,-0.049842966250103
0.55500000715256,-0.050636843235691
0.55750000476837,-0.050198964513582
0.56000000238419,-0.048598662755782
0.56250000000000,-0.045967641569626
0.56499999761581,-0.042497845255963
0.56749999523163,-0.038422296831721
0.56999999284744,-0.034006675332393
0.57249999046326,-0.029529058623472
0.57499998807907,-0.025266968702265
0.57749998569489,-0.021480146788502
0.57999998331070,-0.018400769011732
0.58249998092651,-0.016214770917235
0.58499997854233,-0.015057552044347
0.58749997615814,-0.015010387547141
0.58999997377396,-0.016087906358605
0.59249997138977,-0.018248621275207
0.59500002861023,-0.021391935490977
0.59750002622604,-0.025368167311865
0.60000002384186,-0.029986185952961
0.60250002145767,-0.035022844978105
0.60500001907349,-0.040237615002351
0.60750001668930,-0.045387060472193
0.61000001430511,-0.050237040401842
0.61250001192093,-0.054573111078890
0.61500000953674,-0.058217659920791
0.61750000715256,-0.061036874451694
0.62000000476837,-0.062944074178061
0.62250000238419,-0.063911046517236
0.62500000000000,-0.063964316353363
0.62749999761581,-0.063180946462207
0.62999999523163,-0.061689751084737
0.63249999284744,-0.059655926664530
0.63499999046326,-0.057276604095175
0.63749998807907,-0.054767635348126
0.63999998569489,-0.052349556917674
0.64249998331070,-0.050240929122563
0.64499998092651,-0.048637467709075
0.64749997854233,-0.047715160700752
0.64999997615814,-0.047609509799705
0.65249997377396,-0.048415952830426
0.65499997138977,-0.050186489978932
0.65750002861023,-0.052923152547426
0.66000002622604,-0.056585203936180
0.66250002384186,-0.061087975313508
0.66500002145767,-0.066309962337049
0.66750001907349,-0.072100767072987
0.67000001668930,-0.078289190694309
0.67250001430511,-0.084692837716028
0.67500001192093,-0.091130191543076
0.67750000953674,-0.097426541319037
0.68000000715256,-0.10343055115882
0.68250000476837,-0.10901466164404
0.68500000238419,-0.11408653547562
0.68750000000000,-0.11859492107252
0.68999999761581,-0.12252917896117
0.69249999523163,-0.12592096072848
0.69499999284744,-0.12884271753751
0.69749999046326,-0.13140167578590
0.69999998807907,-0.13373827161072
0.70249998569489,-0.13601386061415
0.70499998331070,-0.13840612232328
0.70749998092651,-0.14109856934428
0.70999997854233,-0.14427117196726
0.71249997615814,-0.14809534314249
0.71499997377396,-0.15272488058939
0.71749997138977,-0.15828709064679
0.72000002861023,-0.16488332441154
0.72250002622604,-0.17258387967141
0.72500002384186,-0.18142346541168
0.72750002145767,-0.19140815233342
0.73000001907349,-0.20251392206206
0.73250001668930,-0.21468645403134
0.73500001430511,-0.22785565032322
0.73750001192093,-0.24193257565020
0.74000000953674,-0.25682154773356
0.74250000715256,-0.27242485377970
0.74500000476837,-0.28864958508991
0.74750000238419,-0.30541621225031
0.75000000000000,-0.32266311400785
0.75249999761581,-0.34035191277786
0.75499999523163,-0.35847361286537
0.75749999284744,-0.37704704214400
0.75999999046326,-0.39612234201552
0.76249998807907,-0.41578370499073
0.76499998569489,-0.43614289679215
0.76749998331070,-0.45733911054657
0.76999998092651,-0.47953527552405
0.77249997854233,-0.50291101622792
0.77499997615814,-0.52766170033606
0.77749997377396,-0.55399086018736
0.77999997138977,-0.58210388844612
0.78250002861023,-0.61220456580967
0.78500002622604,-0.64449255066306
0.78750002384186,-0.67915392497467
0.79000002145767,-0.71636536356502
0.79250001907349,-0.75628584694881
0.79500001668930,-0.79905818655283
0.79750001430511,-0.84480943403007
0.80000001192093,-0.89364855496361
0.80250000953674,-0.94566853361051
0.80500000715256,-1.0009488553424
0.80750000476837,-1.0595544219413
0.81000000238419,-1.1215394885486
0.81250000000000,-1.1869518295186
0.81499999761581,-1.2558313145300
0.81749999523163,-1.3282123090407
0.81999999284744,-1.4041255198300
0.82249999046326,-1.4836024394947
0.82499998807907,-1.5666686697604
0.82749998569489,-1.6533521740158
0.82999998331070,-1.7436750999047
0.83249998092651,-1.8376577995397
0.83499997854233,-1.9353172448781
0.83749997615814,-2.0366601670971
0.83999997377396,-2.1416839111440
0.84249997138977,-2.2503730062169
0.84500002861023,-2.3626952118185
0.84750002622604,-2.4785981789865
0.85000002384186,-2.5980083302655
0.85250002145767,-2.7208246658599
0.85500001907349,-2.8469182049875
0.85750001668930,-2.9761255965764
0.86000001430511,-3.1082520652825
0.86250001192093,-3.2430701042890
0.86500000953674,-3.3803125723177
0.86750000715256,-3.5196801214598
0.87000000476837,-3.6608366735169
0.87250000238419,-3.8034125422137
0.87500000000000,-3.9470128989785
0.87749999761581,-4.0912101810276
0.87999999523163,-4.2355581843428
0.88249999284744,-4.3795929839577
0.88499999046326,-4.5228404808885
0.88749998807907,-4.6648206996184
0.88999998569489,-4.8050576293833
0.89249998331070,-4.9430882575935
0.89499998092651,-5.0784660011114
0.89749997854233,-5.2107691909343
0.89999997615814,-5.3396143950957
0.90249997377396,-5.4646583909537
0.90499997138977,-5.5856071322911
0.90750002861023,-5.7022185107152
0.91000002622604,-5.8143153961806
0.91250002384186,-5.9217767266542
0.91500002145767,-6.0245523680064
0.91750001907349,-6.1226572689609
0.92000001668930,-6.2161718573713
0.92250001430511,-6.3052384392538
0.92500001192093,-6.3900621206659
0.92750000953674,-6.4708986582061
0.93000000715256,-6.5480520555497
0.93250000476837,-6.6218662899708
0.93500000238419,-6.6927168348606
0.93750000000000,-6.7609990965366
0.93999999761581,-6.8271203674587
0.94249999523163,-6.8914888633414
0.94499999284744,-6.9545061799094
0.94749999046326,-7.0165541091948
0.94999998807907,-7.0779888281074
0.95249998569489,-7.1391357556539
0.95499998331070,-7.2002770873078
0.95749998092651,-7.2616527765975
0.95999997854233,-7.3234544201591
0.96249997615814,-7.3858262414070
0.96499997377396,-7.4488634569326
0.96749997138977,-7.5126168573117
0.97000002861023,-7.5770945942336
0.97250002622604,-7.6422685535655
0.97500002384186,-7.7080851104269
0.97750002145767,-7.7744705421841
0.98000001907349,-7.8413413973934
0.98250001668930,-7.9086170299728
0.98500001430511,-7.9762271240517
0.98750001192093,-8.0441252563474
0.99000000953674,-8.1122928090627
0.99250000715256,-8.1807544153645
0.99500000476837,-8.2495747920880
0.99750000238419,-8.3188682005919
1.0000000000000,-8.3887994898495
1.0025000572205,-8.4595774073063
1.0049999952316,-8.5314565349572
1.0075000524521,-8.6047264975308
1.0099999904633,-8.6797037098605
1.0125000476837,-8.7567229420182
1.0149999856949,-8.8361251518796
1.0175000429153,-8.9182432681446
1.0199999809265,-9.0033939942840
1.0225000381470,-9.0918626208897
1.0249999761581,-9.1838969119288
1.0275000333786,-9.2796926047205
1.0299999713898,-9.3793958118839
1.0325000286102,-9.4830872950872
1.0349999666214,-9.5907899609460
1.0375000238419,-9.7024671220648
1.0399999618530,-9.8180219950836
1.0425000190735,-9.9373125034239
1.0449999570847,-10.060154478260
1.0475000143051,-10.186336970879
1.0499999523163,-10.315633905672
1.0525000095367,-10.447823266159
1.0549999475479,-10.582702320020
1.0575000047684,-10.720103489726
1.0599999427795,-10.859910830473
1.0625000000000,-11.002076352205
1.0650000572205,-11.146630456360
1.0674999952316,-11.293689502469
1.0700000524521,-11.443456787409
1.0724999904633,-11.596229927770
1.0750000476837,-11.752390999103
1.0774999856949,-11.912392783334
1.0800000429153,-12.076751223656
1.0824999809265,-12.246026587131
1.0850000381470,-12.420801280719
1.0874999761581,-12.601660219063
1.0900000333786,-12.789164125280
1.0924999713898,-12.983831439311
1.0950000286102,-13.186111969374
1.0974999666214,-13.396364891860
1.1000000238419,-13.614842131177
1.1024999618530,-13.841666852655
1.1050000190735,-14.076822092028
1.1074999570847,-14.320141521406
1.1100000143051,-14.571292575646
1.1124999523163,-14.829786886113
1.1150000095367,-15.094973164046
1.1174999475479,-15.366047218872
1.1200000047684,-15.642065206687
1.1224999427795,-15.921961197116
1.1250000000000,-16.204566026079
1.1275000572205,-16.488632663976
1.1299999952316,-16.772856789389
1.1325000524521,-17.055897199645
1.1349999904633,-17.336381485277
1.1375000476837,-17.612905962167
1.1399999856949,-17.884014149348
1.1425000429153,-18.148157816104
1.1449999809265,-18.403637054891
1.1475000381470,-18.648524895200
1.1499999761581,-18.880578033917
1.1525000333786,-19.097154747611
1.1549999713898,-19.295149917242
1.1575000286102,-19.470973318252
1.1599999666214,-19.620595036731
1.1625000238419,-19.739685502562
1.1649999618530,-19.823860406485
1.1675000190735,-19.869024489422
1.1699999570847,-19.871784417402
1.1725000143051,-19.829870250422
1.1749999523163,-19.742479183644
1.1775000095367,-19.610477211320
1.1799999475479,-19.436397968522
1.1825000047684,-19.224241694327
1.1849999427795,-18.979119558995
1.1875000000000,-18.706813821665
1.1900000572205,-18.413333263431
1.1924999952316,-18.104535185704
1.1950000524521,-17.785832358759
1.1974999904633,-17.462008850602
1.2000000476837,-17.137129003572
1.2024999856949,-16.814511210305
1.2050000429153,-16.496769288956
1.2074999809265,-16.185860346604
1.2100000381470,-15.883175897512
1.2124999761581,-15.589608558524
1.2150000333786,-15.305655669376
1.2174999713898,-15.031475705292
1.2200000286102,-14.766971955601
1.2224999666214,-14.511850725834
1.2250000238419,-14.265682183346
1.2274999618530,-14.027947519826
1.2300000190735,-13.798078126813
1.2324999570847,-13.575500152453
1.2350000143051,-13.359657645909
1.2374999523163,-13.150040263166
1.2400000095367,-12.946196892095
1.2424999475479,-12.747750338224
1.2450000047684,-12.554397588150
1.2474999427795,-12.365916061076
1.2500000000000,-12.182151402248
1.2525000572205,-12.003015232795
1.2549999952316,-11.828465235482
1.2575000524521,-11.658500046754
1.2599999904633,-11.493134932115
1.2625000476837,-11.332395078223
1.2649999856949,-11.176293407891
1.2675000429153,-11.024825871648
1.2699999809265,-10.877956399924
1.2725000381470,-10.735612262766
1.2749999761581,-10.597675598561
1.2775000333786,-10.463986068621
1.2799999713898,-10.334344044999
1.2825000286102,-10.208508687587
1.2849999666214,-10.086213428791
1.2875000238419,-9.9671699276991
1.2899999618530,-9.8510805499187
1.2925000190735,-9.7376554071393
1.2949999570847,-9.6266126779289
1.2975000143051,-9.5177073471179
1.2999999523163,-9.4107272811068
1.3025000095367,-9.3055121402409
1.3049999475479,-9.2019539699585
1.3075000047684,-9.1000055191949
1.3099999427795,-8.9996779905941
1.3125000000000,-8.9010420786633
1.3150000572205,-8.8042174739212
1.3174999952316,-8.7093699077356
1.3200000524521,-8.6166975374621
1.3224999904633,-8.5264238227265
1.3250000476837,-8.4387772048918
1.3274999856949,-8.3539854064350
1.3300000429153,-8.2722582184607
1.3324999809265,-8.1937771892608
1.3350000381470,-8.1186855487452
1.3374999761581,-8.0470787744382
1.3400000333786,-7.9789973396812
1.3424999713898,-7.9144270215316
1.3450000286102,-7.8532881781885
1.3474999666214,-7.7954499038800
1.3500000238419,-7.7407198632029
1.3524999618530,-7.6888602845877
1.3550000190735,-7.6395911989324
1.3574999570847,-7.5926005559429
1.3600000143051,-7.5475575578242
1.3624999523163,-7.5041223245997
1.3650000095367,-7.4619620672820
1.3674999475479,-7.4207585133202
1.3700000047684,-7.3802248676194
1.3724999427795,-7.3401116087827
1.3750000000000,-7.3002186916235
1.3775000572205,-7.2603973187481
1.3799999952316,-7.2205570106281
1.3825000524521,-7.1806586739872
1.3849999904633,-7.1407220513014
1.3875000476837,-7.1008120800946
1.3899999856949,-7.0610320389737
1.3925000429153,-7.0215191459732
1.3949999809265,-6.9824272484563
1.3975000381470,-6.9439198016332
1.3999999761581,-6.9061586084999
1.4025000333786,-6.8692907265215
1.4049999713898,-6.8334451411667
1.4075000286102,-6.7987182791902
1.4099999666214,-6.7651757513868
1.4125000238419,-6.7328457137633
1.4149999618530,-6.7017193418870
1.4175000190735,-6.6717545676280
1.4199999570847,-6.6428769041055
1.4225000143051,-6.6149882634187
1.4249999523163,-6.5879737983774
1.4275000095367,-6.5617111633812
1.4299999475479,-6.5360782642270
1.4325000047684,-6.5109645178160
1.4349999427795,-6.4862780323264
1.4375000000000,-6.4619553202773
1.4400000572205,-6.4379629979029
1.4424999952316,-6.4143076507489
1.4450000524521,-6.3910346767810
1.4474999904633,-6.3682273876867
1.4500000476837,-6.3460045628679
1.4524999856949,-6.3245162269977
1.4550000429153,-6.3039342779183
1.4574999809265,-6.2844480134129
1.4600000381470,-6.2662515178264
1.4624999761581,-6.2495325455999
1.4650000333786,-6.2344665795428
1.4674999713898,-6.2212051041089
1.4700000286102,-6.2098658508791
1.4724999666214,-6.2005288816368
1.4750000238419,-6.1932294343783
1.4774999618530,-6.1879570529591
1.4800000190735,-6.1846510686942
1.4824999570847,-6.1832052602052
1.4850000143051,-6.1834729384063
1.4874999523163,-6.1852670290299
1.4900000095367,-6.1883732887624
1.4924999475479,-6.1925598191313
1.4950000047684,-6.1975851457556
1.4974999427795,-6.2032070518274
1.5000000000000,-6.2092026828029
1.5025000572205,-6.2153686198737
1.5049999952316,-6.2215393274724
1.5075000524521,-6.2275900086273
1.5099999904633,-6.2334436649765
1.5125000476837,-6.2390758705774
1.5149999856949,-6.2445115346203
1.5175000429153,-6.2498252127838
1.5199999809265,-6.2551346165911
1.5225000381470,-6.2605957208998
1.5249999761581,-6.2663898875244
1.5275000333786,-6.2727145714735
1.5299999713898,-6.2797714061163
1.5325000286102,-6.2877584557254
1.5349999666214,-6.2968517237412
1.5375000238419,-6.3072024414831
1.5399999618530,-6.3189263129775
1.5425000190735,-6.3320957192352
1.5449999570847,-6.3467407315322
1.5475000143051,-6.3628405175734
1.5499999523163,-6.3803313077757
1.5525000095367,-6.3991113419975
1.5549999475479,-6.4190374266235
1.5575000047684,-6.4399455625377
1.5599999427795,-6.4616500052898
1.5625000000000,-6.4839649609654
1.5650000572205,-6.5067066070116
1.5674999952316,-6.5297116032924
1.5700000524521,-6.5528408438513
1.5724999904633,-6.5759981406439
1.5750000476837,-6.5991270676965
1.5774999856949,-6.6222235773419
1.5800000429153,-6.6453319641861
1.5824999809265,-6.6685461769554
1.5850000381470,-6.6920055321872
1.5874999761581,-6.7158875182973
1.5900000333786,-6.7403953506737
1.5924999713898,-6.7657525706843
1.5950000286102,-6.7921855825371
1.5974999666214,-6.8199120326859
1.6000000238419,-6.8491316851702
1.6024999618530,-6.8800116054969
1.6050000190735,-6.9126760012426
1.6074999570847,-6.9472031542869
1.6100000143051,-6.9836153189541
1.6124999523163,-7.0218792552763
1.6150000095367,-7.0619067877080
1.6174999475479,-7.1035583112235
1.6200000047684,-7.1466515872219
1.6224999427795,-7.1909700726733
1.6250000000000,-7.2362764356253
1.6275000572205,-7.2823252528530
1.6299999952316,-7.3288825798030
1.6325000524521,-7.3757326305036
1.6349999904633,-7.4227046761779
1.6375000476837,-7.4696778255574
1.6399999856949,-7.5165949407952
1.6425000429153,-7.5634700404400
1.6449999809265,-7.6103956850091
1.6475000381470,-7.6575352932638
1.6499999761581,-7.7051264274254
1.6525000333786,-7.7534687549346
1.6549999713898,-7.8029110235941
1.6575000286102,-7.8538398881407
1.6599999666214,-7.9066602008907
1.6625000238419,-7.9617765221624
1.6649999618530,-8.0195767054662
1.6675000190735,-8.0804139584301
1.6699999570847,-8.1445907794318
1.6725000143051,-8.2123432447048
1.6749999523163,-8.2838341145318
1.6775000095367,-8.3591421467523
1.6799999475479,-8.4382608354144
1.6825000047684,-8.5210979305505
1.6849999427795,-8.6074784474543
1.6875000000000,-8.6971567615250
1.6900000572205,-8.7898300329341
1.6924999952316,-8.8851488274597
1.6950000524521,-8.9827478796945
1.6974999904633,-9.0822576739098
1.7000000476837,-9.1833341641209
1.7024999856949,-9.2856810962849
1.7050000429153,-9.3890748892682
1.7074999809265,-9.4933764967243
1.7100000381470,-9.5985571536124
1.7124999761581,-9.7047011987030
1.7150000333786,-9.8120100231237
1.7174999713898,-9.9208003293462
1.7200000286102,-10.031498085334
1.7224999666214,-10.144615623966
1.7250000238419,-10.260732661286
1.7274999618530,-10.380476539361
1.7300000190735,-10.504485643126
1.7324999570847,-10.633387763704
1.7350000143051,-10.767766978622
1.7374999523163,-10.908139415050
1.7400000095367,-11.054928327279
1.7424999475479,-11.208442138190
1.7450000047684,-11.368861713657
1.7474999427795,-11.536226893231
1.7500000000000,-11.710440592074
1.7525000572205,-11.891264847934
1.7549999952316,-12.078342476769
1.7575000524521,-12.271211466614
1.7599999904633,-12.469339419342
1.7625000476837,-12.672162674886
1.7649999856949,-12.879131093878
1.7675000429153,-13.089762733180
1.7699999809265,-13.303699975193
1.7725000381470,-13.520761931409
1.7749999761581,-13.740997007488
1.7775000333786,-13.964726486875
1.7799999713898,-14.192571720472
1.7825000286102,-14.425466439063
1.7849999666214,-14.664658968620
1.7875000238419,-14.911678465218
1.7899999618530,-15.168309041454
1.7925000190735,-15.436522119029
1.7949999570847,-15.718413915521
1.7975000143051,-16.016107886601
1.7999999523163,-16.331666004041
1.8025000095367,-16.666962247778
1.8049999475479,-17.023536381977
1.8075000047684,-17.402412452482
1.8099999427795,-17.803871231719
1.8125000000000,-18.227148370820
1.8150000572205,-18.670056337771
1.8174999952316,-19.128509474724
1.8200000524521,-19.595964018990
1.8224999904633,-20.062846313256
1.8250000476837,-20.516087598921
1.8274999856949,-20.939052253368
1.8300000429153,-21.312203613897
1.8324999809265,-21.614891624271
1.8350000381470,-21.828286791115
1.8374999761581,-21.938923612798
1.8400000333786,-21.941600301983
1.8424999713898,-21.840360965755
1.8450000286102,-21.647041463111
1.8474999666214,-21.378106545260
1.8500000238419,-21.051123882355
1.8524999618530,-20.682025223768
1.8550000190735,-20.283596024592
1.8574999570847,-19.865059052518
1.8600000143051,-19.432389728503
1.8624999523163,-18.988987989630
1.8650000095367,-18.536474281410
1.8674999475479,-18.075444543098
1.8700000047684,-17.606125041629
1.8724999427795,-17.128862093629
1.8750000000000,-16.644459966250
1.8775000572205,-16.154350529078
1.8799999952316,-15.660628319017
1.8825000524521,-15.165962968141
1.8849999904633,-14.673456851992
1.8875000476837,-14.186461234695
1.8899999856949,-13.708405569508
1.8925000429153,-13.242638224504
1.8949999809265,-12.792313489850
1.8975000381470,-12.360316367522
1.8999999761581,-11.949219077258
1.9025000333786,-11.561274135206
1.9049999713898,-11.198414815071
1.9075000286102,-10.862290761282
1.9099999666214,-10.554287496155
1.9125000238419,-10.275570618463
1.9149999618530,-10.027113024561
1.9175000190735,-9.8097333661085
1.9199999570847,-9.6241217529728
1.9225000143051,-9.4708688792461
1.9249999523163,-9.3504811673905
1.9275000095367,-9.2634036181764
1.9299999475479,-9.2100284034067
1.9325000047684,-9.1906963877339
1.9349999427795,-9.2057030765401
1.9375000000000,-9.2552892331774
1.9400000572205,-9.3396242100426
1.9424999952316,-9.4587808218504
1.9450000524521,-9.6126938882108
1.9474999904633,-9.8011039090901
1.9500000476837,-10.023476603484
1.9524999856949,-10.278889394701
1.9550000429153,-10.565886924836
1.9574999809265,-10.882282246856
1.9600000381470,-11.224913776834
1.9624999761581,-11.589339268842
1.9650000333786,-11.969498239140
1.9674999713898,-12.357364769104
1.9700000286102,-12.742677057558
1.9724999666214,-13.112889964454
1.9750000238419,-13.453514405735
1.9774999618530,-13.749062508725
1.9800000190735,-13.984653046679
1.9824999570847,-14.148129293135
1.9850000143051,-14.232159598227
1.9874999523163,-14.235623776502
1.9900000095367,-14.163732201574
1.9924999475479,-14.026815533482
1.9950000047684,-13.838279021710
1.9974999427795,-13.612429412971
2.0000000000000,-13.362725975039
2.0025000572205,-13.100714750967
2.0050001144409,-12.835568423045
2.0074999332428,-12.574078745003
2.0099999904633,-12.320888935486
2.0125000476837,-12.078835409784
2.0150001049042,-11.849302651782
2.0174999237061,-11.632552863307
2.0199999809265,-11.428013272248
2.0225000381470,-11.234512720464
2.0250000953674,-11.050496529208
2.0274999141693,-10.874198709305
2.0299999713898,-10.703788272464
2.0325000286102,-10.537506770381
2.0350000858307,-10.373766720783
2.0374999046326,-10.211243111921
2.0399999618530,-10.048929074487
2.0425000190735,-9.8861667100780
2.0450000762939,-9.7226609640605
2.0474998950958,-9.5584519965857
2.0499999523163,-9.3938821907954
2.0525000095367,-9.2295382903626
2.0550000667572,-9.0661804341173
2.0574998855591,-8.9046810489195
2.0599999427795,-8.7459473940603
2.0625000000000,-8.5908633585897
2.0650000572205,-8.4402373742168
2.0675001144409,-8.2947561266323
2.0699999332428,-8.1549571955490
2.0724999904633,-8.0212069569636
2.0750000476837,-7.8936919514242
2.0775001049042,-7.7724207752891
2.0799999237061,-7.6572274017499
2.0824999809265,-7.5477926790496
2.0850000381470,-7.4436605611235
2.0875000953674,-7.3442673923666
2.0899999141693,-7.2489715255923
2.0924999713898,-7.1570840108400
2.0950000286102,-7.0679074247758
2.0975000858307,-6.9807615199779
2.0999999046326,-6.8950246236691
2.1024999618530,-6.8101534205846
2.1050000190735,-6.7257089835952
2.1075000762939,-6.6413766802477
2.1099998950958,-6.5569694246957
2.1124999523163,-6.4724337574491
2.1150000095367,-6.3878400995357
2.1175000667572,-6.3033722585473
2.1199998855591,-6.2193050574881
2.1224999427795,-6.1359850778989
2.1250000000000,-6.0538002255887
2.1275000572205,-5.9731551171808
2.1300001144409,-5.8944460231380
2.1324999332428,-5.8180309117232
2.1349999904633,-5.7442195919673
2.1375000476837,-5.6732452732832
2.1400001049042,-5.6052595982761
2.1424999237061,-5.5403222652631
2.1449999809265,-5.4784018002883
2.1475000381470,-5.4193738671712
2.1500000953674,-5.3630311851464
2.1524999141693,-5.3090956702827
2.1549999713898,-5.2572284696778
2.1575000286102,-5.2070495239673
2.1600000858307,-5.1581605857454
2.1624999046326,-5.1101604211630
2.1649999618530,-5.0626666824474
2.1675000190735,-5.0153349181339
2.1700000762939,-4.9678755485448
2.1724998950958,-4.9200679385577
2.1749999523163,-4.8717711583969
2.1775000095367,-4.8229231477598
2.1800000667572,-4.7735492620254
2.1824998855591,-4.7237505505941
2.1849999427795,-4.6737009625403
2.1875000000000,-4.6236279514379
2.1900000572205,-4.5738047141179
2.1925001144409,-4.5245278779848
2.1949999332428,-4.4760994693782
2.1974999904633,-4.4288139612742
2.2000000476837,-4.3829381380054
2.2025001049042,-4.3386992355917
2.2049999237061,-4.2962728226408
2.2074999809265,-4.2557760959559
2.2100000381470,-4.2172579886520
2.2125000953674,-4.1807050829290
2.2149999141693,-4.1460409416743
2.2174999713898,-4.1131266863731
2.2200000286102,-4.0817776014226
2.2225000858307,-4.0517683878023
2.2249999046326,-4.0228436948185
2.2274999618530,-3.9947402515605
2.2300000190735,-3.9671928358561
2.2325000762939,-3.9399538638026
2.2349998950958,-3.9128031355950
2.2374999523163,-3.8855611230094
2.2400000095367,-3.8580984234162
2.2425000667572,-3.8303390658052
2.2449998855591,-3.8022651769120
2.2474999427795,-3.7739150291949
2.2500000000000,-3.7453815560628
2.2525000572205,-3.7168020765865
2.2550001144409,-3.6883495365438
2.2574999332428,-3.6602224191121
2.2599999904633,-3.6326310742537
2.2625000476837,-3.6057838775893
2.2650001049042,-3.5798774950259
2.2674999237061,-3.5550807280023
2.2699999809265,-3.5315323513972
2.2725000381470,-3.5093209871591
2.2750000953674,-3.4884945608928
2.2774999141693,-3.4690472148061
2.2799999713898,-3.4509214876481
2.2825000286102,-3.4340125029172
2.2850000858307,-3.4181765882865
2.2874999046326,-3.4032333450060
2.2899999618530,-3.3889764672037
2.2925000190735,-3.3751874165055
2.2950000762939,-3.3616452577340
2.2974998950958,-3.3481406532054
2.2999999523163,-3.3344831275060
2.3025000095367,-3.3205163321883
2.3050000667572,-3.3061213599926
2.3074998855591,-3.2912273527730
2.3099999427795,-3.2758112577944
2.3125000000000,-3.2599021971942
2.3150000572205,-3.2435768430699
2.3175001144409,-3.2269508363178
2.3199999332428,-3.2101806756037
2.3224999904633,-3.1934431379123
2.3250000476837,-3.1769338556891
2.3275001049042,-3.1608522296048
2.3299999237061,-3.1453884146390
2.3324999809265,-3.1307153868206
2.3350000381470,-3.1169787092218
2.3375000953674,-3.1042895559246
2.3399999141693,-3.0927182466150
2.3424999713898,-3.0822867383741
2.3450000286102,-3.0729776589604
2.3475000858307,-3.0647267524963
2.3499999046326,-3.0574273188783
2.3524999618530,-3.0509429439686
2.3550000190735,-3.0451081230901
2.3575000762939,-3.0397400594497
2.3599998950958,-3.0346519701153
2.3624999523163,-3.0296564121809
2.3650000095367,-3.0245849301398
2.3675000667572,-3.0192891551560
2.3699998855591,-3.0136538587732
2.3724999427795,-3.0076031933108
2.3750000000000,-3.0011004734554
2.3775000572205,-2.9941553065326
2.3800001144409,-2.9868208394465
2.3824999332428,-2.9791868296567
2.3849999904633,-2.9713805627457
2.3875000476837,-2.9635519188701
2.3900001049042,-2.9558678304086
2.3924999237061,-2.9485051787316
2.3949999809265,-2.9416369151724
2.3975000381470,-2.9354209433186
2.4000000953674,-2.9299958771220
2.4024999141693,-2.9254703155149
2.4049999713898,-2.9219194169578
2.4075000286102,-2.9193765009464
2.4100000858307,-2.9178360295236
2.4124999046326,-2.9172546285695
2.4149999618530,-2.9175472557151
2.4175000190735,-2.9186043954716
2.4200000762939,-2.9202847615335
2.4224998950958,-2.9224328042595
2.4249999523163,-2.9248859282928
2.4275000095367,-2.9274826596451
2.4300000667572,-2.9300745480606
2.4324998855591,-2.9325330238509
2.4349999427795,-2.9347590828552
2.4375000000000,-2.9366875099339
2.4400000572205,-2.9382937029746
2.4425001144409,-2.9395937595022
2.4449999332428,-2.9406425306926
2.4474999904633,-2.9415342045274
2.4500000476837,-2.9423949119448
2.4525001049042,-2.9433762508943
2.4549999237061,-2.9446459341845
2.4574999809265,-2.9463771471969
2.4600000381470,-2.9487456517456
2.4625000953674,-2.9519087627126
2.4649999141693,-2.9560051534829
2.4674999713898,-2.9611461711027
2.4700000286102,-2.9674058159855
2.4725000858307,-2.9748188396376
2.4749999046326,-2.9833792782510
2.4774999618530,-2.9930394171832
2.4800000190735,-3.0037147498004
2.4825000762939,-3.0152831228895
2.4849998950958,-3.0275961479025
2.4874999523163,-3.0404893652917
2.4900000095367,-3.0537812597284
2.4925000667572,-3.0672970318737
2.4949998855591,-3.0808690944179
2.4974999427795,-3.0943475901043
2.5000000000000,-3.1076176359724
2.5025000572205,-3.1205953070912
2.5050001144409,-3.1332411165373
2.5074999332428,-3.1455563752101
2.5099999904633,-3.1575924112426
2.5125000476837,-3.1694405904054
2.5150001049042,-3.1812296062151
2.5174999237061,-3.1931193698142
2.5199999809265,-3.2052950167388
2.5225000381470,-3.2179538808304
2.5250000953674,-3.2312941843007
2.5274999141693,-3.2455091710462
2.5299999713898,-3.2607725430932
2.5325000286102,-3.2772314319914
2.5350000858307,-3.2950021369030
2.5374999046326,-3.3141572690027
2.5399999618530,-3.3347292565146
2.5425000190735,-3.3567065373288
2.5450000762939,-3.3800338994237
2.5474998950958,-3.4046172534393
2.5499999523163,-3.4303334039754
2.5525000095367,-3.4570272380672
2.5550000667572,-3.4845346903592
2.5574998855591,-3.5126826095339
2.5599999427795,-3.5413025787280
2.5625000000000,-3.5702434481860
2.5650000572205,-3.5993803964660
2.5675001144409,-3.6286208651721
2.5699999332428,-3.6579154310734
2.5724999904633,-3.6872582092087
2.5750000476837,-3.7166926177999
2.5775001049042,-3.7463082165878
2.5799999237061,-3.7762362816127
2.5824999809265,-3.8066472268763
2.5850000381470,-3.8377361994378
2.5875000953674,-3.8697237907591
2.5899999141693,-3.9028333161753
2.5924999713898,-3.9372851504945
2.5950000286102,-3.9732919132784
2.5975000858307,-4.0110359527153
2.5999999046326,-4.0506671265676
2.6024999618530,-4.0923001173279
2.6050000190735,-4.1360010502879
2.6075000762939,-4.1817879623726
2.6099998950958,-4.2296355552811
2.6124999523163,-4.2794747241745
2.6150000095367,-4.3311947163478
2.6175000667572,-4.3846574275239
2.6199998855591,-4.4397031331449
2.6224999427795,-4.4961599809582
2.6250000000000,-4.5538631677389
2.6275000572205,-4.6126612340287
2.6300001144409,-4.6724297952396
2.6324999332428,-4.7330840562690
2.6349999904633,-4.7945885852547
2.6375000476837,-4.8569599958143
2.6400001049042,-4.9202769961316
2.6424999237061,-4.9846786056244
2.6449999809265,-5.0503607858006
2.6475000381470,-5.1175709067593
2.6500000953674,-5.1866055856679
2.6524999141693,-5.2577883436332
2.6549999713898,-5.3314713833695
2.6575000286102,-5.4080094460087
2.6600000858307,-5.4877551326650
2.6624999046326,-5.5710417175816
2.6649999618530,-5.6581721683700
2.6675000190735,-5.7494033139478
2.6700000762939,-5.8449486130827
2.6724998950958,-5.9449606340841
2.6749999523163,-6.0495357803644
2.6775000095367,-6.1587114579191
2.6800000667572,-6.2724688058932
2.6824998855591,-6.3907422816707
2.6849999427795,-6.5134275329006
2.6875000000000,-6.6403933441875
2.6900000572205,-6.7714969620531
2.6925001144409,-6.9065995264672
2.6949999332428,-7.0455856521749
2.6974999904633,-7.1883768911482
2.7000000476837,-7.3349524107383
2.7025001049042,-7.4853574188031
2.7049999237061,-7.6397188267482
2.7074999809265,-7.7982525065448
2.7100000381470,-7.9612614492227
2.7125000953674,-8.1291395754250
2.7149999141693,-8.3023594671037
2.7174999713898,-8.4814628716947
2.7200000286102,-8.6670416309413
2.7225000858307,-8.8597149213606
2.7249999046326,-9.0601070654397
2.7274999618530,-9.2688125402499
2.7300000190735,-9.4863719417796
2.7325000762939,-9.7132257155846
2.7349998950958,-9.9496882529037
2.7374999523163,-10.195897746597
2.7400000095367,-10.451785475048
2.7425000667572,-10.717015521260
2.7449998855591,-10.990955985648
2.7474999427795,-11.272614174223
2.7500000000000,-11.560596123200
2.7525000572205,-11.853059837268
2.7550001144409,-12.147666457228
2.7574999332428,-12.441557318110
2.7599999904633,-12.731330401685
2.7625000476837,-13.013058390101
2.7650001049042,-13.282338106280
2.7674999237061,-13.534373633815
2.7699999809265,-13.764135270653
2.7725000381470,-13.966548109585
2.7750000953674,-14.136740170439
2.7774999141693,-14.270312018594
2.7799999713898,-14.363607759765
2.7825000286102,-14.413945804055
2.7850000858307,-14.419783296642
2.7874999046326,-14.380786394795
2.7899999618530,-14.297808768269
2.7925000190735,-14.172776858696
2.7950000762939,-14.008506857566
2.7974998950958,-13.808496895952
2.7999999523163,-13.576706678602
2.8025000095367,-13.317353795356
2.8050000667572,-13.034746682769
2.8074998855591,-12.733138915731
2.8099999427795,-12.416626619364
2.8125000000000,-12.089072633544
2.8150000572205,-11.754055058190
2.8175001144409,-11.414832591816
2.8199999332428,-11.074325139281
2.8224999904633,-10.735112353656
2.8250000476837,-10.399426271399
2.8275001049042,-10.069168144002
2.8299999237061,-9.7459220145179
2.8324999809265,-9.4309614944570
2.8350000381470,-9.1252816531417
2.8375000953674,-8.8296107417814
2.8399999141693,-8.5444392353091
2.8424999713898,-8.2700393149260
2.8450000286102,-8.0064864064061
2.8475000858307,-7.7536879792623
2.8499999046326,-7.5114026784677
2.8524999618530,-7.2792644624869
2.8550000190735,-7.0568099156898
2.8575000762939,-6.8434973790868
2.8599998950958,-6.6387357673313
2.8624999523163,-6.4419038240575
2.8650000095367,-6.2523741559123
2.8675000667572,-6.0695364748035
2.8699998855591,-5.8928126093521
2.8724999427795,-5.7216823138563
2.8750000000000,-5.5556834438685
2.8775000572205,-5.3944360524558
2.8800001144409,-5.2376400464597
2.8824999332428,-5.0850813255926
2.8849999904633,-4.9366259070900
2.8875000476837,-4.7922215419492
2.8900001049042,-4.6518758377819
2.8924999237061,-4.5156538319549
2.8949999809265,-4.3836617495034
2.8975000381470,-4.2560264981274
2.9000000953674,-4.1328818201298
2.9024999141693,-4.0143537919794
2.9049999713898,-3.9005435196422
2.9075000286102,-3.7915177530334
2.9100000858307,-3.6872931672827
2.9124999046326,-3.5878333365546
2.9149999618530,-3.4930425374610
2.9175000190735,-3.4027630397013
2.9200000762939,-3.3167743233144
2.9224998950958,-3.2348059249860
2.9249999523163,-3.1565366116529
2.9275000095367,-3.0816098647235
2.9300000667572,-3.0096453842671
2.9324998855591,-2.9402501352460
2.9349999427795,-2.8730384319991
2.9375000000000,-2.8076448057674
2.9400000572205,-2.7437361486373
2.9425001144409,-2.6810323193176
2.9449999332428,-2.6193078740236
2.9474999904633,-2.5584071843978
2.9500000476837,-2.4982448758488
2.9525001049042,-2.4388054770560
2.9549999237061,-2.3801450372846
2.9574999809265,-2.3223803196868
2.9600000381470,-2.2656774190968
2.9625000953674,-2.2102399632188
2.9649999141693,-2.1562975486868
2.9674999713898,-2.1040828504700
2.9700000286102,-2.0538229811671
2.9725000858307,-2.0057180112115
2.9749999046326,-1.9599326142596
2.9774999618530,-1.9165795052654
2.9800000190735,-1.8757144181979
2.9825000762939,-1.8373279609222
2.9849998950958,-1.8013446237787
2.9874999523163,-1.7676228542613
2.9900000095367,-1.7359596685358
2.9925000667572,-1.7061022859041
2.9949998855591,-1.6777517173113
2.9974999427795,-1.6505834206083
3.0000000000000,-1.6242587005633
