frequency,refcoef
0.50000000000000,-83.374522084850
0.50249999761581,-83.303195168301
0.50499999523163,-83.340967396298
0.50749999284744,-83.492577458891
0.50999999046326,-83.766021184187
0.51249998807907,-84.173488182568
0.51499998569489,-84.732963024138
0.51749998331070,-85.470958613049
0.51999998092651,-86.427413469820
0.52249997854233,-87.665022373902
0.52499997615814,-89.288737707318
0.52749997377396,-91.492005412051
0.52999997138977,-94.687648634087
0.53250002861023,-99.965870934051
0.53500002622604,-107.25481025299
0.53750002384186,-99.418333593609
0.54000002145767,-93.977541816488
0.54250001907349,-90.552974780003
0.54500001668930,-88.097194663986
0.54750001430511,-86.210162910484
0.55000001192093,-84.702992362104
0.55250000953674,-83.472576160184
0.55500000715256,-82.456934307447
0.55750000476837,-81.616266735319
0.56000000238419,-80.923812533300
0.56250000000000,-80.361023709600
0.56499999761581,-79.914805817041
0.56749999523163,-79.575851354284
0.56999999284744,-79.337553941366
0.57249999046326,-79.195251935063
0.57499998807907,-79.145615968404
0.57749998569489,-79.186052014681
0.57999998331070,-79.313979375039
0.58249998092651,-79.525791781698
0.58499997854233,-79.815233118781
0.58749997615814,-80.170804207360
0.58999997377396,-80.571820810262
0.59249997138977,-80.983082236175
0.59500002861023,-81.349670680041
0.59750002622604,-81.596791706766
0.60000002384186,-81.642937316299
0.60250002145767,-81.429510703113
0.60500001907349,-80.950742656442
0.60750001668930,-80.256638689524
0.61000001430511,-79.425882026024
0.61250001192093,-78.534350405434
0.61500000953674,-77.638966280049
0.61750000715256,-76.776160547004
0.62000000476837,-75.966616370587
0.62250000238419,-75.220673121865
0.62500000000000,-74.542425676564
0.62749999761581,-73.932382712297
0.62999999523163,-73.389052306647
0.63249999284744,-72.909829376748
0.63499999046326,-72.491444010424
0.63749998807907,-72.130148345090
0.63999998569489,-71.821723122922
0.64249998331070,-71.561380691649
0.64499998092651,-71.343574326475
0.64749997854233,-71.161758941328
0.64999997615814,-71.008124591525
0.65249997377396,-70.873361915181
0.65499997138977,-70.746520759408
0.65750002861023,-70.615105449453
0.66000002622604,-70.465511417693
0.66250002384186,-70.283923161022
0.66500002145767,-70.057662789040
0.66750001907349,-69.776808366920
0.67000001668930,-69.435662790242
0.67250001430511,-69.033619220415
0.67500001192093,-68.575093771722
0.67750000953674,-68.068552841564
0.68000000715256,-67.524971611369
0.68250000476837,-66.956208097466
0.68500000238419,-66.373659443735
0.68750000000000,-65.787388170001
0.68999999761581,-65.205686900913
0.69249999523163,-64.634992827247
0.69499999284744,-64.079994427943
0.69749999046326,-63.543853692674
0.69999998807907,-63.028440127889
0.70249998569489,-62.534554251247
0.70499998331070,-62.062133325484
0.70749998092651,-61.610400919767
0.70999997854233,-61.178003375633
0.71249997615814,-60.763113674812
0.71499997377396,-60.363524354196
0.71749997138977,-59.976728969985
0.72000002861023,-59.600008850858
0.72250002622604,-59.230518032899
0.72500002384186,-58.865380395777
0.72750002145767,-58.501798749474
0.73000001907349,-58.137163852157
0.73250001668930,-57.769162164336
0.73500001430511,-57.395885803414
0.73750001192093,-57.015907416615
0.74000000953674,-56.628344472792
0.74250000715256,-56.232871777357
0.74500000476837,-55.829713511850
0.74750000238419,-55.419588610945
0.75000000000000,-55.003627531089
0.75249999761581,-54.583276198216
0.75499999523163,-54.160184279680
0.75749999284744,-53.736097641687
0.75999999046326,-53.312752476062
0.76249998807907,-52.891797171388
0.76499998569489,-52.474714583897
0.76749998331070,-52.062771500964
0.76999998092651,-51.656976842061
0.77249997854233,-51.258061954180
0.77499997615814,-50.866463356753
0.77749997377396,-50.482317728460
0.77999997138977,-50.105462096779
0.78250002861023,-49.735445723712
0.78500002622604,-49.371542508005
0.78750002384186,-49.012766724344
0.79000002145767,-48.657902150789
0.79250001907349,-48.305536730530
0.79500001668930,-47.954101066338
0.79750001430511,-47.601920305370
0.80000001192093,-47.247273849566
0.80250000953674,-46.888466518058
0.80500000715256,-46.523891561048
0.80750000476837,-46.152114572789
0.81000000238419,-45.771937527697
0.81250000000000,-45.382462592131
0.81499999761581,-44.983139214807
0.81749999523163,-44.573791024685
0.81999999284744,-44.154624926383
0.82249999046326,-43.726213035945
0.82499998807907,-43.289460796089
0.82749998569489,-42.845556095228
0.82999998331070,-42.395907589985
0.83249998092651,-41.942081490523
0.83499997854233,-41.485734072296
0.83749997615814,-41.028554902115
0.83999997377396,-40.572213752964
0.84249997138977,-40.118319658422
0.84500002861023,-39.668386274487
0.84750002622604,-39.223814068974
0.85000002384186,-38.785876515812
0.85250002145767,-38.355710919262
0.85500001907349,-37.934320290431
0.85750001668930,-37.522577667551
0.86000001430511,-37.121231865203
0.86250001192093,-36.730917348834
0.86500000953674,-36.352161512478
0.86750000715256,-35.985398793338
0.87000000476837,-35.630975650983
0.87250000238419,-35.289162912129
0.87500000000000,-34.960165930313
0.87749999761581,-34.644130801797
0.87999999523163,-34.341149121944
0.88249999284744,-34.051270709327
0.88499999046326,-33.774503395080
0.88749998807907,-33.510820030441
0.88999998569489,-33.260164096391
0.89249998331070,-33.022451851077
0.89499998092651,-32.797573064858
0.89749997854233,-32.585398999465
0.89999997615814,-32.385778413983
0.90249997377396,-32.198544269603
0.90499997138977,-32.023511870208
0.90750002861023,-31.860480719307
0.91000002622604,-31.709236219385
0.91250002384186,-31.569547233454
0.91500002145767,-31.441172208608
0.91750001907349,-31.323852337772
0.92000001668930,-31.217316814096
0.92250001430511,-31.121282224566
0.92500001192093,-31.035451695910
0.92750000953674,-30.959514727558
0.93000000715256,-30.893149271642
0.93250000476837,-30.836018699266
0.93500000238419,-30.787776972561
0.93750000000000,-30.748064274010
0.93999999761581,-30.716514314661
0.94249999523163,-30.692747232097
0.94499999284744,-30.676377930848
0.94749999046326,-30.667014169861
0.94999998807907,-30.664259852035
0.95249998569489,-30.667716377047
0.95499998331070,-30.676986869158
0.95749998092651,-30.691676964669
0.95999997854233,-30.711398960010
0.96249997615814,-30.735777119209
0.96499997377396,-30.764447243837
0.96749997138977,-30.797063665960
0.97000002861023,-30.833301955862
0.97250002622604,-30.872862477373
0.97500002384186,-30.915473216433
0.97750002145767,-30.960893663489
0.98000001907349,-31.008917147144
0.98250001668930,-31.059374288797
0.98500001430511,-31.112132436776
0.98750001192093,-31.167098413528
0.99000000953674,-31.224218378539
0.99250000715256,-31.283477593136
0.99500000476837,-31.344899808825
0.99750000238419,-31.408544369075
1.0000000000000,-31.474505991930
1.0025000572205,-31.542908088115
1.0049999952316,-31.613906240266
1.0075000524521,-31.687676229067
1.0099999904633,-31.764419511752
1.0125000476837,-31.844348194808
1.0149999856949,-31.927694608589
1.0175000429153,-32.014693077303
1.0199999809265,-32.105588449435
1.0225000381470,-32.200625974859
1.0249999761581,-32.300050886369
1.0275000333786,-32.404104249841
1.0299999713898,-32.513017438882
1.0325000286102,-32.627018332661
1.0349999666214,-32.746322756065
1.0375000238419,-32.871132985773
1.0399999618530,-33.001639867716
1.0425000190735,-33.138018164962
1.0449999570847,-33.280429512855
1.0475000143051,-33.429017639731
1.0499999523163,-33.583909181755
1.0525000095367,-33.745211673018
1.0549999475479,-33.913012259383
1.0575000047684,-34.087375788269
1.0599999427795,-34.268343481686
1.0625000000000,-34.455926289164
1.0650000572205,-34.650103030873
1.0674999952316,-34.850814492934
1.0700000524521,-35.057955208058
1.0724999904633,-35.271363596810
1.0750000476837,-35.490813220429
1.0774999856949,-35.715999051016
1.0800000429153,-35.946522640983
1.0824999809265,-36.181866716911
1.0850000381470,-36.421382664445
1.0874999761581,-36.664261456486
1.0900000333786,-36.909507581416
1.0924999713898,-37.155913098593
1.0950000286102,-37.402028146887
1.0974999666214,-37.646138546187
1.1000000238419,-37.886244873324
1.1024999618530,-38.120054463732
1.1050000190735,-38.344987766912
1.1074999570847,-38.558210460489
1.1100000143051,-38.756688778697
1.1124999523163,-38.937272547455
1.1150000095367,-39.096827252767
1.1174999475479,-39.232379289555
1.1200000047684,-39.341290343980
1.1224999427795,-39.421436830732
1.1250000000000,-39.471363027023
1.1275000572205,-39.490411138205
1.1299999952316,-39.478777998407
1.1325000524521,-39.437512424286
1.1349999904633,-39.368444535453
1.1375000476837,-39.274055710650
1.1399999856949,-39.157312613600
1.1425000429153,-39.021490018817
1.1449999809265,-38.869998438231
1.1475000381470,-38.706227983833
1.1499999761581,-38.533433229516
1.1525000333786,-38.354640678636
1.1549999713898,-38.172596690475
1.1575000286102,-37.989740295610
1.1599999666214,-37.808192365141
1.1625000238419,-37.629768737208
1.1649999618530,-37.455998291737
1.1675000190735,-37.288146573900
1.1699999570847,-37.127240649830
1.1725000143051,-36.974102090574
1.1749999523163,-36.829368988648
1.1775000095367,-36.693524333651
1.1799999475479,-36.566913734022
1.1825000047684,-36.449767674715
1.1849999427795,-36.342218810263
1.1875000000000,-36.244314721884
1.1900000572205,-36.156034802101
1.1924999952316,-36.077295155222
1.1950000524521,-36.007964802055
1.1974999904633,-35.947866615145
1.2000000476837,-35.896791522608
1.2024999856949,-35.854500462328
1.2050000429153,-35.820729553062
1.2074999809265,-35.795196067691
1.2100000381470,-35.777602454343
1.2124999761581,-35.767641535969
1.2150000333786,-35.764997770905
1.2174999713898,-35.769351208752
1.2200000286102,-35.780380721027
1.2224999666214,-35.797767669347
1.2250000238419,-35.821197112564
1.2274999618530,-35.850357915350
1.2300000190735,-35.884953360108
1.2324999570847,-35.924691132893
1.2350000143051,-35.969292549777
1.2374999523163,-36.018494438110
1.2400000095367,-36.072043999939
1.2424999475479,-36.129704484072
1.2450000047684,-36.191253864163
1.2474999427795,-36.256486211468
1.2500000000000,-36.325207673840
1.2525000572205,-36.397240353156
1.2549999952316,-36.472419995682
1.2575000524521,-36.550594339915
1.2599999904633,-36.631621014822
1.2625000476837,-36.715369485242
1.2649999856949,-36.801716608696
1.2675000429153,-36.890550099560
1.2699999809265,-36.981761286987
1.2725000381470,-37.075249206601
1.2749999761581,-37.170920269699
1.2775000333786,-37.268682280443
1.2799999713898,-37.368452142228
1.2825000286102,-37.470149698317
1.2849999666214,-37.573703193555
1.2875000238419,-37.679046892402
1.2899999618530,-37.786121582254
1.2925000190735,-37.894880017648
1.2949999570847,-38.005285805761
1.2975000143051,-38.117312998183
1.2999999523163,-38.230949688480
1.3025000095367,-38.346199579851
1.3049999475479,-38.463079647590
1.3075000047684,-38.581625297532
1.3099999427795,-38.701885259792
1.3125000000000,-38.823923435518
1.3150000572205,-38.947818184385
1.3174999952316,-39.073658111490
1.3200000524521,-39.201539000510
1.3224999904633,-39.331562411999
1.3250000476837,-39.463828655043
1.3274999856949,-39.598433582002
1.3300000429153,-39.735459249599
1.3324999809265,-39.874970178372
1.3350000381470,-40.017002938954
1.3374999761581,-40.161562463630
1.3400000333786,-40.308610351447
1.3424999713898,-40.458057773889
1.3450000286102,-40.609756826770
1.3474999666214,-40.763493046096
1.3500000238419,-40.918976381718
1.3524999618530,-41.075837173372
1.3550000190735,-41.233619464228
1.3574999570847,-41.391775995711
1.3600000143051,-41.549670891972
1.3624999523163,-41.706575651628
1.3650000095367,-41.861679556010
1.3674999475479,-42.014094734794
1.3700000047684,-42.162871204438
1.3724999427795,-42.307011623128
1.3750000000000,-42.445495713666
1.3775000572205,-42.577306462971
1.3799999952316,-42.701457924296
1.3825000524521,-42.817023586027
1.3849999904633,-42.923172583175
1.3875000476837,-43.019197951889
1.3899999856949,-43.104539010936
1.3925000429153,-43.178807058964
1.3949999809265,-43.241795155274
1.3975000381470,-43.293481292431
1.3999999761581,-43.334029716890
1.4025000333786,-43.363771064919
1.4049999713898,-43.383186748508
1.4075000286102,-43.392882259155
1.4099999666214,-43.393555225557
1.4125000238419,-43.385965953768
1.4149999618530,-43.370905055792
1.4175000190735,-43.349165021154
1.4199999570847,-43.321514874447
1.4225000143051,-43.288676956869
1.4249999523163,-43.251316202098
1.4275000095367,-43.210022735477
1.4299999475479,-43.165308450121
1.4325000047684,-43.117608674448
1.4349999427795,-43.067277178270
1.4375000000000,-43.014598720050
1.4400000572205,-42.959794761968
1.4424999952316,-42.903031676809
1.4450000524521,-42.844433892905
1.4474999904633,-42.784098077145
1.4500000476837,-42.722100932873
1.4524999856949,-42.658511006751
1.4550000429153,-42.593402484212
1.4574999809265,-42.526860970721
1.4600000381470,-42.458989081849
1.4624999761581,-42.389916017084
1.4650000333786,-42.319798611873
1.4674999713898,-42.248818889405
1.4700000286102,-42.177190801135
1.4724999666214,-42.105152179662
1.4750000238419,-42.032960238913
1.4774999618530,-41.960892512956
1.4800000190735,-41.889232879605
1.4824999570847,-41.818276127405
1.4850000143051,-41.748308821532
1.4874999523163,-41.679619290142
1.4900000095367,-41.612474530475
1.4924999475479,-41.547133077191
1.4950000047684,-41.483825218936
1.4974999427795,-41.422764894892
1.5000000000000,-41.364135408091
1.5025000572205,-41.308098201696
1.5049999952316,-41.254789054601
1.5075000524521,-41.204319129413
1.5099999904633,-41.156780346958
1.5125000476837,-41.112246826259
1.5149999856949,-41.070777589989
1.5175000429153,-41.032426790646
1.5199999809265,-40.997240275912
1.5225000381470,-40.965268470592
1.5249999761581,-40.936570463747
1.5275000333786,-40.911214186180
1.5299999713898,-40.889289100458
1.5325000286102,-40.870908138015
1.5349999666214,-40.856208498177
1.5375000238419,-40.845360841754
1.5399999618530,-40.838568259388
1.5425000190735,-40.836074161476
1.5449999570847,-40.838155802813
1.5475000143051,-40.845129461869
1.5499999523163,-40.857351945238
1.5525000095367,-40.875215593753
1.5549999475479,-40.899150024204
1.5575000047684,-40.929618383735
1.5599999427795,-40.967116297288
1.5625000000000,-41.012171181667
1.5650000572205,-41.065331891424
1.5674999952316,-41.127175833084
1.5700000524521,-41.198302523914
1.5724999904633,-41.279330648180
1.5750000476837,-41.370896911911
1.5774999856949,-41.473656246664
1.5800000429153,-41.588277833103
1.5824999809265,-41.715448744168
1.5850000381470,-41.855871499711
1.5874999761581,-42.010262877929
1.5900000333786,-42.179360412989
1.5924999713898,-42.363919692455
1.5950000286102,-42.564720531933
1.5974999666214,-42.782563732554
1.6000000238419,-43.018279030811
1.6024999618530,-43.272724955323
1.6050000190735,-43.546792624990
1.6074999570847,-43.841405610438
1.6100000143051,-44.157520822008
1.6124999523163,-44.496128319332
1.6150000095367,-44.858242210471
1.6174999475479,-45.244888871059
1.6200000047684,-45.657088335487
1.6224999427795,-46.095812432836
1.6250000000000,-46.561933250395
1.6275000572205,-47.056130874878
1.6299999952316,-47.578749259267
1.6325000524521,-48.129591342674
1.6349999904633,-48.707597611209
1.6375000476837,-49.310383438174
1.6399999856949,-49.933568596091
1.6425000429153,-50.569874765567
1.6449999809265,-51.207966942045
1.6475000381470,-51.831188764055
1.6499999761581,-52.416575341799
1.6525000333786,-52.934949704682
1.6549999713898,-53.353241942291
1.6575000286102,-53.639873726203
1.6599999666214,-53.772428515414
1.6625000238419,-53.744503523894
1.6649999618530,-53.567801903415
1.6675000190735,-53.268109033198
1.6699999570847,-52.877709112060
1.6725000143051,-52.428242461818
1.6749999523163,-51.946375418962
1.6775000095367,-51.452352989118
1.6799999475479,-50.960380227385
1.6825000047684,-50.479776696701
1.6849999427795,-50.016232640946
1.6875000000000,-49.572889694963
1.6900000572205,-49.151169433057
1.6924999952316,-48.751365988825
1.6950000524521,-48.373062921614
1.6974999904633,-48.015411430227
1.7000000476837,-47.677316983219
1.7024999856949,-47.357565673709
1.7050000429153,-47.054901044536
1.7074999809265,-46.768078252171
1.7100000381470,-46.495895050516
1.7124999761581,-46.237209818425
1.7150000333786,-45.990957585190
1.7174999713898,-45.756150132733
1.7200000286102,-45.531878512122
1.7224999666214,-45.317317538689
1.7250000238419,-45.111714528667
1.7274999618530,-44.914395843925
1.7300000190735,-44.724756963160
1.7324999570847,-44.542258370089
1.7350000143051,-44.366427705389
1.7374999523163,-44.196848471188
1.7400000095367,-44.033159520485
1.7424999475479,-43.875053512303
1.7450000047684,-43.722269125193
1.7474999427795,-43.574592047431
1.7500000000000,-43.431849886012
1.7525000572205,-43.293909740145
1.7549999952316,-43.160677125565
1.7575000524521,-43.032091994493
1.7599999904633,-42.908126318089
1.7625000476837,-42.788783855808
1.7649999856949,-42.674096811604
1.7675000429153,-42.564123619666
1.7699999809265,-42.458947362230
1.7725000381470,-42.358671231557
1.7749999761581,-42.263421476730
1.7775000333786,-42.173338939057
1.7799999713898,-42.088581003259
1.7825000286102,-42.009316798948
1.7849999666214,-41.935724703068
1.7875000238419,-41.867992679457
1.7899999618530,-41.806310124724
1.7925000190735,-41.750870441125
1.7949999570847,-41.701865014007
1.7975000143051,-41.659482409822
1.7999999523163,-41.623906736789
1.8025000095367,-41.595309362143
1.8049999475479,-41.573853766811
1.8075000047684,-41.559691403161
1.8099999427795,-41.552952429103
1.8125000000000,-41.553755213279
1.8150000572205,-41.562193348213
1.8174999952316,-41.578340352151
1.8200000524521,-41.602245315763
1.8224999904633,-41.633932126156
1.8250000476837,-41.673394793237
1.8274999856949,-41.720600335439
1.8300000429153,-41.775487388937
1.8324999809265,-41.837957544931
1.8350000381470,-41.907886286969
1.8374999761581,-41.985114408419
1.8400000333786,-42.069448549984
1.8424999713898,-42.160665854225
1.8450000286102,-42.258511993665
1.8474999666214,-42.362701603722
1.8500000238419,-42.472922773474
1.8524999618530,-42.588839491479
1.8550000190735,-42.710096058739
1.8574999570847,-42.836318597856
1.8600000143051,-42.967126012454
1.8624999523163,-43.102130256820
1.8650000095367,-43.240949352462
1.8674999475479,-43.383211019003
1.8700000047684,-43.528561662373
1.8724999427795,-43.676675789491
1.8750000000000,-43.827265826793
1.8775000572205,-43.980088292281
1.8799999952316,-44.134950048149
1.8825000524521,-44.291717634711
1.8849999904633,-44.450322735012
1.8875000476837,-44.610760343945
1.8899999856949,-44.773097975341
1.8925000429153,-44.937468707182
1.8949999809265,-45.104070792589
1.8975000381470,-45.273164119699
1.8999999761581,-45.445055940184
1.9025000333786,-45.620101993272
1.9049999713898,-45.798682555780
1.9075000286102,-45.981199302997
1.9099999666214,-46.168054510504
1.9125000238419,-46.359632918034
1.9149999618530,-46.556285953818
1.9175000190735,-46.758309065214
1.9199999570847,-46.965921962656
1.9225000143051,-47.179241650307
1.9249999523163,-47.398257633150
1.9275000095367,-47.622805680329
1.9299999475479,-47.852532394039
1.9325000047684,-48.086869504481
1.9349999427795,-48.324999675760
1.9375000000000,-48.565818228760
1.9400000572205,-48.807912446506
1.9424999952316,-49.049527403365
1.9450000524521,-49.288558786735
1.9474999904633,-49.522547198617
1.9500000476837,-49.748705428680
1.9524999856949,-49.963965102502
1.9550000429153,-50.165068047225
1.9574999809265,-50.348684258881
1.9600000381470,-50.511577073111
1.9624999761581,-50.650785696016
1.9650000333786,-50.763827959942
1.9674999713898,-50.848886448407
1.9700000286102,-50.904958232160
1.9724999666214,-50.931945692364
1.9750000238419,-50.930672411483
1.9774999618530,-50.902820695573
1.9800000190735,-50.850806497841
1.9824999570847,-50.777601191460
1.9850000143051,-50.686538767357
1.9874999523163,-50.581125660345
1.9900000095367,-50.464871475651
1.9924999475479,-50.341153270578
1.9950000047684,-50.213121245864
1.9974999427795,-50.083632759359
2.0000000000000,-49.955229537426
2.0025000572205,-49.830123314638
2.0050001144409,-49.710212448794
2.0074999332428,-49.597104125513
2.0099999904633,-49.492138873012
2.0125000476837,-49.396427223569
2.0150001049042,-49.310878023692
2.0174999237061,-49.236226200060
2.0199999809265,-49.173066277072
2.0225000381470,-49.121869225383
2.0250000953674,-49.083010565811
2.0274999141693,-49.056784244755
2.0299999713898,-49.043418809140
2.0325000286102,-49.043091451837
2.0350000858307,-49.055938746227
2.0374999046326,-49.082060934522
2.0399999618530,-49.121533971716
2.0425000190735,-49.174410364245
2.0450000762939,-49.240722197694
2.0474998950958,-49.320485836544
2.0499999523163,-49.413695585727
2.0525000095367,-49.520329117212
2.0550000667572,-49.640338499172
2.0574998855591,-49.773649557116
2.0599999427795,-49.920152054323
2.0625000000000,-50.079692486014
2.0650000572205,-50.252063957952
2.0675001144409,-50.436988756854
2.0699999332428,-50.634106728755
2.0724999904633,-50.842954324198
2.0750000476837,-51.062934847373
2.0775001049042,-51.293300275860
2.0799999237061,-51.533113276348
2.0824999809265,-51.781210237687
2.0850000381470,-52.036168992872
2.0875000953674,-52.296255240869
2.0899999141693,-52.559391554977
2.0924999713898,-52.823111852485
2.0950000286102,-53.084533195400
2.0975000858307,-53.340348643157
2.0999999046326,-53.586834738604
2.1024999618530,-53.819902703733
2.1050000190735,-54.035201212953
2.1075000762939,-54.228262069170
2.1099998950958,-54.394708736656
2.1124999523163,-54.530501298860
2.1150000095367,-54.632206191245
2.1175000667572,-54.697255019111
2.1199998855591,-54.724142115547
2.1224999427795,-54.712547007376
2.1250000000000,-54.663339561177
2.1275000572205,-54.578479204738
2.1300001144409,-54.460825027708
2.1324999332428,-54.313886010246
2.1349999904633,-54.141562790780
2.1375000476837,-53.947895281174
2.1400001049042,-53.736861316141
2.1424999237061,-53.512221959568
2.1449999809265,-53.277426905423
2.1475000381470,-53.035552840164
2.1500000953674,-52.789300709533
2.1524999141693,-52.540995163787
2.1549999713898,-52.292619917098
2.1575000286102,-52.045851183217
2.1600000858307,-51.802100613867
2.1624999046326,-51.562551314482
2.1649999618530,-51.328199930017
2.1675000190735,-51.099882671336
2.1700000762939,-50.878310419862
2.1724998950958,-50.664088198128
2.1749999523163,-50.457735220618
2.1775000095367,-50.259701736132
2.1800000667572,-50.070378399075
2.1824998855591,-49.890110114591
2.1849999427795,-49.719197917713
2.1875000000000,-49.557909617331
2.1900000572205,-49.406478663225
2.1925001144409,-49.265108138519
2.1949999332428,-49.133976643794
2.1974999904633,-49.013232380110
2.2000000476837,-48.902997359389
2.2025001049042,-48.803369447996
2.2049999237061,-48.714416190440
2.2074999809265,-48.636184155279
2.2100000381470,-48.568686887795
2.2125000953674,-48.511914726336
2.2149999141693,-48.465828295460
2.2174999713898,-48.430359476624
2.2200000286102,-48.405414320639
2.2225000858307,-48.390869318171
2.2249999046326,-48.386571991689
2.2274999618530,-48.392343451094
2.2300000190735,-48.407977469001
2.2325000762939,-48.433240305560
2.2349998950958,-48.467875321985
2.2374999523163,-48.511602611635
2.2400000095367,-48.564120680965
2.2425000667572,-48.625110189349
2.2449998855591,-48.694238358276
2.2474999427795,-48.771159693532
2.2500000000000,-48.855526413442
2.2525000572205,-48.946986485191
2.2550001144409,-49.045193092509
2.2574999332428,-49.149811100612
2.2599999904633,-49.260521166173
2.2625000476837,-49.377028300794
2.2650001049042,-49.499066194036
2.2674999237061,-49.626403517193
2.2699999809265,-49.758851366075
2.2725000381470,-49.896265378959
2.2750000953674,-50.038548720930
2.2774999141693,-50.185659017155
2.2799999713898,-50.337604469416
2.2825000286102,-50.494443656609
2.2850000858307,-50.656284489423
2.2874999046326,-50.823279217446
2.2899999618530,-50.995617854184
2.2925000190735,-51.173517930114
2.2950000762939,-51.357216202766
2.2974998950958,-51.546959123619
2.2999999523163,-51.742980675030
2.3025000095367,-51.945495748666
2.3050000667572,-52.154678304526
2.3074998855591,-52.370643161889
2.3099999427795,-52.593421609625
2.3125000000000,-52.822945764708
2.3150000572205,-53.059013885135
2.3175001144409,-53.301276948591
2.3199999332428,-53.549196100991
2.3224999904633,-53.802026356938
2.3250000476837,-54.058783365644
2.3275001049042,-54.318212040607
2.3299999237061,-54.578770838471
2.3324999809265,-54.838607386888
2.3350000381470,-55.095558229135
2.3375000953674,-55.347153429889
2.3399999141693,-55.590644793660
2.3424999713898,-55.823059083249
2.3450000286102,-56.041277974794
2.3475000858307,-56.242149676929
2.3499999046326,-56.422616729678
2.3524999618530,-56.579870292798
2.3550000190735,-56.711503345202
2.3575000762939,-56.815649117807
2.3599998950958,-56.891088049064
2.3624999523163,-56.937307171040
2.3650000095367,-56.954504082993
2.3675000667572,-56.943536308230
2.3699998855591,-56.905822083460
2.3724999427795,-56.843207054421
2.3750000000000,-56.757823055930
2.3775000572205,-56.651945610191
2.3800001144409,-56.527869444729
2.3824999332428,-56.387814829465
2.3849999904633,-56.233859166302
2.3875000476837,-56.067894409035
2.3900001049042,-55.891615784260
2.3924999237061,-55.706523829414
2.3949999809265,-55.513943231112
2.3975000381470,-55.315047507789
2.4000000953674,-55.110889255590
2.4024999141693,-54.902425653160
2.4049999713898,-54.690549678335
2.4075000286102,-54.476105950819
2.4100000858307,-54.259910250398
2.4124999046326,-54.042758498640
2.4149999618530,-53.825434133769
2.4175000190735,-53.608707075303
2.4200000762939,-53.393327904562
2.4224998950958,-53.180034718020
2.4249999523163,-52.969527812020
2.4275000095367,-52.762478017315
2.4300000667572,-52.559509419623
2.4324998855591,-52.361196986279
2.4349999427795,-52.168055773349
2.4375000000000,-51.980538890946
2.4400000572205,-51.799032439686
2.4425001144409,-51.623850218811
2.4449999332428,-51.455237110078
2.4474999904633,-51.293367375660
2.4500000476837,-51.138341002485
2.4525001049042,-50.990194774124
2.4549999237061,-50.848897307418
2.4574999809265,-50.714358394817
2.4600000381470,-50.586432558384
2.4625000953674,-50.464926743629
2.4649999141693,-50.349599891556
2.4674999713898,-50.240181527728
2.4700000286102,-50.136371620866
2.4725000858307,-50.037849672283
2.4749999046326,-49.944287338439
2.4774999618530,-49.855353071219
2.4800000190735,-49.770721538268
2.4825000762939,-49.690088136431
2.4849998950958,-49.613164759261
2.4874999523163,-49.539701026552
2.4900000095367,-49.469482476446
2.4925000667572,-49.402336892913
2.4949998855591,-49.338140970618
2.4974999427795,-49.276819309788
2.5000000000000,-49.218348276400
2.5025000572205,-49.162753437268
2.5050001144409,-49.110107303866
2.5074999332428,-49.060526048494
2.5099999904633,-49.014162078195
2.5125000476837,-48.971201002213
2.5150001049042,-48.931849592072
2.5174999237061,-48.896331508899
2.5199999809265,-48.864876818821
2.5225000381470,-48.837712082379
2.5250000953674,-48.815054873885
2.5274999141693,-48.797099189371
2.5299999713898,-48.784013321035
2.5325000286102,-48.775928594051
2.5350000858307,-48.772931552299
2.5374999046326,-48.775059039823
2.5399999618530,-48.782294695877
2.5425000190735,-48.794559202518
2.5450000762939,-48.811708730695
2.5474998950958,-48.833538226716
2.5499999523163,-48.859768784374
2.5525000095367,-48.890061663896
2.5550000667572,-48.924007905147
2.5574998855591,-48.961142144617
2.5599999427795,-49.000943903315
2.5625000000000,-49.042844111177
2.5650000572205,-49.086240496815
2.5675001144409,-49.130501547550
2.5699999332428,-49.174990373855
2.5724999904633,-49.219070755143
2.5750000476837,-49.262128589430
2.5775001049042,-49.303589260348
2.5799999237061,-49.342930801225
2.5824999809265,-49.379702615726
2.5850000381470,-49.413538887890
2.5875000953674,-49.444164703307
2.5899999141693,-49.471411318870
2.5924999713898,-49.495212419057
2.5950000286102,-49.515607644420
2.5975000858307,-49.532733682406
2.5999999046326,-49.546815951615
2.6024999618530,-49.558160101441
2.6050000190735,-49.567127653142
2.6075000762939,-49.574122565143
2.6099998950958,-49.579575019695
2.6124999523163,-49.583913674613
2.6150000095367,-49.587554972112
2.6175000667572,-49.590878091130
2.6199998855591,-49.594213373378
2.6224999427795,-49.597826955149
2.6250000000000,-49.601905116554
2.6275000572205,-49.606553822150
2.6300001144409,-49.611783536289
2.6324999332428,-49.617514572750
2.6349999904633,-49.623569168788
2.6375000476837,-49.629681718896
2.6400001049042,-49.635504184067
2.6424999237061,-49.640613541010
2.6449999809265,-49.644522845796
2.6475000381470,-49.646703367318
2.6500000953674,-49.646597761955
2.6524999141693,-49.643640263014
2.6549999713898,-49.637278205199
2.6575000286102,-49.626994362133
2.6600000858307,-49.612325073079
2.6624999046326,-49.592880230377
2.6649999618530,-49.568357030154
2.6675000190735,-49.538555191499
2.6700000762939,-49.503378422464
2.6724998950958,-49.462842904959
2.6749999523163,-49.417066918158
2.6775000095367,-49.366266981998
2.6800000667572,-49.310744589250
2.6824998855591,-49.250866397365
2.6849999427795,-49.187047092172
2.6875000000000,-49.119729976204
2.6900000572205,-49.049361890995
2.6925001144409,-48.976374367502
2.6949999332428,-48.901167368047
2.6974999904633,-48.824084488342
2.7000000476837,-48.745406609176
2.7025001049042,-48.665336040970
2.7049999237061,-48.583990728452
2.7074999809265,-48.501398998088
2.7100000381470,-48.417499278403
2.7125000953674,-48.332142998152
2.7149999141693,-48.245102685262
2.7174999713898,-48.156079150965
2.7200000286102,-48.064718135552
2.7225000858307,-47.970622494059
2.7249999046326,-47.873372160732
2.7274999618530,-47.772546192973
2.7300000190735,-47.667739119345
2.7325000762939,-47.558587596331
2.7349998950958,-47.444784885842
2.7374999523163,-47.326103985176
2.7400000095367,-47.202409211643
2.7425000667572,-47.073673612156
2.7449998855591,-46.939981985867
2.7474999427795,-46.801536759183
2.7500000000000,-46.658652408690
2.7525000572205,-46.511761480368
2.7550001144409,-46.361387560121
2.7574999332428,-46.208150045319
2.7599999904633,-46.052735495783
2.7625000476837,-45.895891961198
2.7650001049042,-45.738404042894
2.7674999237061,-45.581081867923
2.7699999809265,-45.424744165276
2.7725000381470,-45.270203760181
2.7750000953674,-45.118255989156
2.7774999141693,-44.969672423486
2.7799999713898,-44.825185039693
2.7825000286102,-44.685489578476
2.7850000858307,-44.551234075604
2.7874999046326,-44.423023281050
2.7899999618530,-44.301410141890
2.7925000190735,-44.186904296139
2.7950000762939,-44.079968000861
2.7974998950958,-43.981015898187
2.7999999523163,-43.890424839618
2.8025000095367,-43.808530703658
2.8050000667572,-43.735632968553
2.8074998855591,-43.671997958539
2.8099999427795,-43.617862911976
2.8125000000000,-43.573437661194
2.8150000572205,-43.538906847781
2.8175001144409,-43.514435120862
2.8199999332428,-43.500170082787
2.8224999904633,-43.496239525611
2.8250000476837,-43.502763942744
2.8275001049042,-43.519847584580
2.8299999237061,-43.547587092378
2.8324999809265,-43.586072015229
2.8350000381470,-43.635386037435
2.8375000953674,-43.695610816396
2.8399999141693,-43.766824757548
2.8424999713898,-43.849103928251
2.8450000286102,-43.942525007182
2.8475000858307,-44.047169139916
2.8499999046326,-44.163114901016
2.8524999618530,-44.290449045937
2.8550000190735,-44.429260421132
2.8575000762939,-44.579641477685
2.8599998950958,-44.741693390195
2.8624999523163,-44.915521008486
2.8650000095367,-45.101239305894
2.8675000667572,-45.298966522847
2.8699998855591,-45.508833006048
2.8724999427795,-45.730974586131
2.8750000000000,-45.965535813946
2.8775000572205,-46.212669779402
2.8800001144409,-46.472539691677
2.8824999332428,-46.745315142935
2.8849999904633,-47.031173462433
2.8875000476837,-47.330299596717
2.8900001049042,-47.642884560224
2.8924999237061,-47.969123817018
2.8949999809265,-48.309214064710
2.8975000381470,-48.663352358196
2.9000000953674,-49.031730379225
2.9024999141693,-49.414529655046
2.9049999713898,-49.811913921926
2.9075000286102,-50.224020355413
2.9100000858307,-50.650947359299
2.9124999046326,-51.092736756438
2.9149999618530,-51.549353710595
2.9175000190735,-52.020658355483
2.9200000762939,-52.506372527341
2.9224998950958,-53.006027380783
2.9249999523163,-53.518911362216
2.9275000095367,-54.043993062307
2.9300000667572,-54.579829322715
2.9324998855591,-55.124458068438
2.9349999427795,-55.675263517098
2.9375000000000,-56.228836905347
2.9400000572205,-56.780827644142
2.9425001144409,-57.325813723117
2.9449999332428,-57.857226623668
2.9474999904633,-58.367375135662
2.9500000476837,-58.847632255125
2.9525001049042,-59.288849685147
2.9549999237061,-59.682009631755
2.9574999809265,-60.019086301290
2.9600000381470,-60.293999947249
2.9625000953674,-60.503440465626
2.9649999141693,-60.647353076905
2.9674999713898,-60.728940724995
2.9700000286102,-60.754179502339
2.9725000858307,-60.730995925803
2.9749999046326,-60.668324023472
2.9774999618530,-60.575238323139
2.9800000190735,-60.460303748454
2.9825000762939,-60.331166802917
2.9849998950958,-60.194365095530
2.9874999523163,-60.055310278310
2.9900000095367,-59.918355512228
2.9925000667572,-59.786929226047
2.9949998855591,-59.663683860216
2.9974999427795,-59.550633267079
3.0000000000000,-59.449284356269