frequency,phase
1.0000000000000,67.714754364098
1.0019999742508,64.857490349686
1.0039999485016,62.031511977334
1.0060000419617,59.237432041974
1.0080000162125,56.475801586213
1.0099999904633,53.747086502787
1.0119999647141,51.051643094618
1.0140000581741,48.389731716492
1.0160000324249,45.761511104239
1.0180000066757,43.167005354035
1.0199999809265,40.606138672800
1.0219999551773,38.078702900717
1.0240000486374,35.584368694029
1.0260000228882,33.122679762508
1.0279999971390,30.693033804641
1.0299999713898,28.294730105425
1.0319999456406,25.926924947095
1.0340000391006,23.588668379480
1.0360000133514,21.278898138662
1.0379999876022,18.996450991120
1.0399999618530,16.740078311018
1.0420000553131,14.508456304778
1.0440000295639,12.300201653294
1.0460000038147,10.113883500576
1.0479999780655,7.9480491232995
1.0499999523163,5.8012316974449
1.0520000457764,3.6719725507951
1.0540000200272,1.5588374814882
1.0559999942780,-0.53956463091155
1.0579999685287,-2.6245687269706
1.0599999427795,-4.6974387311924
1.0620000362396,-6.7593541701377
1.0640000104904,-8.8113986941721
1.0659999847412,-10.854554846759
1.0679999589920,-12.889693984656
1.0700000524521,-14.917574974628
1.0720000267029,-16.938839852155
1.0740000009537,-18.954011856380
1.0759999752045,-20.963512432148
1.0779999494553,-22.967642829127
1.0800000429153,-24.966610795341
1.0820000171661,-26.960533205524
1.0839999914169,-28.949429093530
1.0859999656677,-30.933256430995
1.0880000591278,-32.911915140435
1.0900000333786,-34.885241779339
1.0920000076294,-36.853042627468
1.0939999818802,-38.815102069770
1.0959999561310,-40.771220118415
1.0980000495911,-42.721111882358
1.1000000238419,-44.664590922319
1.1019999980927,-46.601482923766
1.1039999723434,-48.531601711816
1.1059999465942,-50.454843158525
1.1080000400543,-52.371196454565
1.1100000143051,-54.280617668001
1.1119999885559,-56.183174970711
1.1139999628067,-58.079052990007
1.1160000562668,-59.968423484483
1.1180000305176,-61.851605891624
1.1200000047684,-63.728924227521
1.1219999790192,-65.600844738058
1.1239999532700,-67.467849765378
1.1260000467300,-69.330456815425
1.1280000209808,-71.189347018745
1.1299999952316,-73.045177173035
1.1319999694824,-74.898576824902
1.1339999437332,-76.750316136823
1.1360000371933,-78.601086266829
1.1380000114441,-80.451616784767
1.1399999856949,-82.302687038350
1.1419999599457,-84.154986055702
1.1440000534058,-86.009170658893
1.1460000276566,-87.865862101813
1.1480000019073,-89.725661142387
1.1499999761581,-91.589128016538
1.1519999504089,-93.456617930438
1.1540000438690,-95.328567624099
1.1560000181198,-97.205279049045
1.1579999923706,-99.086941521877
1.1599999666214,-100.97373330975
1.1619999408722,-102.86566771549
1.1640000343323,-104.76273173258
1.1660000085831,-106.66480352701
1.1679999828339,-108.57168323625
1.1699999570847,-110.48311885302
1.1720000505447,-112.39875376006
1.1740000247955,-114.31820813328
1.1759999990463,-116.24102377786
1.1779999732971,-118.16668468573
1.1799999475479,-120.09467042015
1.1820000410080,-122.02439060645
1.1840000152588,-123.95525763020
1.1859999895096,-125.88665630211
1.1879999637604,-127.81796175089
1.1900000572205,-129.74856613817
1.1920000314713,-131.67786554250
1.1940000057220,-133.60527913637
1.1959999799728,-135.53021376260
1.1979999542236,-137.45215936753
1.2000000476837,-139.37065200668
1.2020000219345,-141.28519498854
1.2039999961853,-143.19543325418
1.2059999704361,-145.10101579811
1.2079999446869,-147.00165309731
1.2100000381470,-148.89711202321
1.2120000123978,-150.78724515124
1.2139999866486,-152.67196762235
1.2159999608994,-154.55119848677
1.2180000543594,-156.42496439194
1.2200000286102,-158.29336310654
1.2220000028610,-160.15650218468
1.2239999771118,-162.01457484200
1.2259999513626,-163.86776819248
1.2280000448227,-165.71634379362
1.2300000190735,-167.56057674256
1.2319999933243,-169.40076709650
1.2339999675751,-171.23722816463
1.2359999418259,-173.07028624003
1.2380000352859,-174.90021720312
1.2400000095367,-176.72733340931
1.2419999837875,-178.55192296445
1.2439999580383,179.62579623674
1.2460000514984,177.80560557777
1.2480000257492,175.98734080319
1.2500000000000,174.17090634319
1.2519999742508,172.35622048534
1.2539999485016,170.54328421871
1.2560000419617,168.73220483318
1.2580000162125,166.92309210993
1.2599999904633,165.11615276217
1.2619999647141,163.31161576735
1.2640000581741,161.50983866947
1.2660000324249,159.71121823564
1.2680000066757,157.91619122742
1.2699999809265,156.12525977436
1.2719999551773,154.33897251266
1.2740000486374,152.55794904895
1.2760000228882,150.78283847528
1.2779999971390,149.01425293506
1.2799999713898,147.25292823873
1.2819999456406,145.49953414562
1.2840000391006,143.75479220362
1.2860000133514,142.01937736114
1.2879999876022,140.29398755279
1.2899999618530,138.57928308528
1.2920000553131,136.87588724118
1.2940000295639,135.18436470157
1.2960000038147,133.50521493401
1.2979999780655,131.83894994412
1.2999999523163,130.18593495977
1.3020000457764,128.54647380032
1.3040000200272,126.92083036302
1.3059999942780,125.30912638060
1.3079999685287,123.71143716926
1.3099999427795,122.12770399027
1.3120000362396,120.55780338125
1.3140000104904,119.00150242808
1.3159999847412,117.45850637413
1.3179999589920,115.92843585964
1.3200000524521,114.41074075264
1.3220000267029,112.90501258643
1.3240000009537,111.41053814630
1.3259999752045,109.92675031401
1.3279999494553,108.45293017371
1.3300000429153,106.98842910642
1.3320000171661,105.53250440100
1.3339999914169,104.08455878653
1.3359999656677,102.64385445804
1.3380000591278,101.20981551567
1.3400000333786,99.781867784813
1.3420000076294,98.359522388407
1.3439999818802,96.942422487145
1.3459999561310,95.530212175302
1.3480000495911,94.122674443605
1.3500000238419,92.719698657307
1.3519999980927,91.321285716498
1.3539999723434,89.927571989688
1.3559999465942,88.538748679681
1.3580000400543,87.155170749559
1.3600000143051,85.777248233986
1.3619999885559,84.405555578147
1.3639999628067,83.040665115000
1.3660000562668,81.683287698835
1.3680000305176,80.334160605564
1.3700000047684,78.994214956077
1.3719999790192,77.664130532618
1.3739999532700,76.344894253179
1.3760000467300,75.037267216695
1.3780000209808,73.742183059716
1.3799999952316,72.460401978195
1.3819999694824,71.192690743742
1.3839999437332,69.939706912082
1.3860000371933,68.701994073484
1.3880000114441,67.480073201779
1.3899999856949,66.274242774025
1.3919999599457,65.084670406801
1.3940000534058,63.911435584039
1.3960000276566,62.754428316564
1.3980000019073,61.613349647766
1.3999999761581,60.487679941802
1.4019999504089,59.376874003981
1.4040000438690,58.280053497190
1.4060000181198,57.196348381928
1.4079999923706,56.124638626360
1.4099999666214,55.063771303418
1.4119999408722,54.012413901787
1.4140000343323,52.969201265890
1.4160000085831,51.932759288166
1.4179999828339,50.901699315649
1.4199999570847,49.874550965288
1.4220000505447,48.849966674215
1.4240000247955,47.826752886470
1.4259999990463,46.803670536349
1.4279999732971,45.779713661371
1.4299999475479,44.754037197175
1.4320000410080,43.725851327816
1.4340000152588,42.694710346790
1.4359999895096,41.660233964988
1.4379999637604,40.622375798952
1.4400000572205,39.581155151203
1.4420000314713,38.536874226027
1.4440000057220,37.489996918737
1.4459999799728,36.441207130804
1.4479999542236,35.391242516454
1.4500000476837,34.341117928312
1.4520000219345,33.291945383455
1.4539999961853,32.244793494363
1.4559999704361,31.200949604339
1.4579999446869,30.161748495849
1.4600000381470,29.128424793130
1.4620000123978,28.102284733071
1.4639999866486,27.084558045834
1.4659999608994,26.076395451073
1.4680000543594,25.078804006198
1.4700000286102,24.092716051344
1.4720000028610,23.118870285864
1.4739999771118,22.157805497905
1.4759999513626,21.209857718848
1.4780000448227,20.275215011446
1.4800000190735,19.353631017552
1.4819999933243,18.444860122655
1.4839999675751,17.548194702147
1.4859999418259,16.662836892757
1.4880000352859,15.787698790565
1.4900000095367,14.921494493680
1.4919999837875,14.062720754924
1.4939999580383,13.209768250149
1.4960000514984,12.360911235018
1.4980000257492,11.514295604127
1.5000000000000,10.668035221382
1.5019999742508,9.8203817152069
1.5039999485016,8.9694211343038
1.5060000419617,8.1135717810123
1.5080000162125,7.2511916221825
1.5099999904633,6.3809441912371
1.5119999647141,5.5016528691403
1.5140000581741,4.6123890689117
1.5160000324249,3.7124710323804
1.5180000066757,2.8014605645244
1.5199999809265,1.8792482798018
1.5219999551773,0.94594378278698
1.5240000486374,0.0019843973014488
1.5260000228882,-0.95200172985924
1.5279999971390,-1.9150311944027
1.5299999713898,-2.8860928601881
1.5319999456406,-3.8638209400441
1.5340000391006,-4.8467399753204
1.5360000133514,-5.8332100018150
1.5379999876022,-6.8215932455029
1.5399999618530,-7.8100302871098
1.5420000553131,-8.7967200444048
1.5440000295639,-9.7799121842959
1.5460000038147,-10.757830329506
1.5479999780655,-11.728783756965
1.5499999523163,-12.691294023113
1.5520000457764,-13.643859311145
1.5540000200272,-14.585360216699
1.5559999942780,-15.514730531494
1.5579999685287,-16.431342609685
1.5599999427795,-17.334620503199
1.5620000362396,-18.224457134860
1.5640000104904,-19.100961938317
1.5659999847412,-19.964542749444
1.5679999589920,-20.815914328585
1.5700000524521,-21.656189912330
1.5720000267029,-22.486603528724
1.5740000009537,-23.308714269950
1.5759999752045,-24.124320661934
1.5779999494553,-24.935393668543
1.5800000429153,-25.744003451750
1.5820000171661,-26.552260602851
1.5839999914169,-27.362430573268
1.5859999656677,-28.176590492896
1.5880000591278,-28.996839164634
1.5900000333786,-29.825066610915
1.5920000076294,-30.663051522319
1.5939999818802,-31.512234764515
1.5959999561310,-32.373903953083
1.5980000495911,-33.248964153473
1.6000000238419,-34.138089612392
1.6019999980927,-35.041529883030
1.6039999723434,-35.959342586055
1.6059999465942,-36.891117084273
1.6080000400543,-37.836253732942
1.6100000143051,-38.793761185032
1.6119999885559,-39.762476640869
1.6139999628067,-40.740942715118
1.6160000562668,-41.727440475507
1.6180000305176,-42.720193213156
1.6200000047684,-43.717183222483
1.6219999790192,-44.716437824729
1.6239999532700,-45.715750789798
1.6260000467300,-46.713039652761
1.6280000209808,-47.706173824743
1.6299999952316,-48.693166007954
1.6319999694824,-49.672123962630
1.6339999437332,-50.641274065591
1.6360000371933,-51.599083479916
1.6380000114441,-52.544270264708
1.6399999856949,-53.475856239834
1.6419999599457,-54.393093890479
1.6440000534058,-55.295552364226
1.6460000276566,-56.183367900396
1.6480000019073,-57.056842003262
1.6499999761581,-57.916599959122
1.6519999504089,-58.763867990690
1.6540000438690,-59.600078009488
1.6560000181198,-60.426969253548
1.6579999923706,-61.246534274859
1.6599999666214,-62.061242969112
1.6619999408722,-62.873569228156
1.6640000343323,-63.686060036320
1.6660000085831,-64.501559447348
1.6679999828339,-65.322655870743
1.6699999570847,-66.152057734417
1.6720000505447,-66.992279566313
1.6740000247955,-67.845535115154
1.6759999990463,-68.713955004654
1.6779999732971,-69.599336689045
1.6799999475479,-70.503026521461
1.6820000410080,-71.426057833988
1.6840000152588,-72.369170499759
1.6859999895096,-73.332719333361
1.6879999637604,-74.316485403262
1.6900000572205,-75.320168608085
1.6920000314713,-76.342809644118
1.6940000057220,-77.383321192359
1.6959999799728,-78.440279238870
1.6979999542236,-79.511990457527
1.7000000476837,-80.596461423853
1.7020000219345,-81.691750150217
1.7039999961853,-82.795427108077
1.7059999704361,-83.905305094570
1.7079999446869,-85.018817130792
1.7100000381470,-86.133750031355
1.7120000123978,-87.247644411190
1.7139999866486,-88.358315094557
1.7159999608994,-89.463521723233
1.7180000543594,-90.561433538248
1.7200000286102,-91.650165755488
1.7220000028610,-92.728379265054
1.7239999771118,-93.794844914634
1.7259999513626,-94.848770461973
1.7280000448227,-95.889664288618
1.7300000190735,-96.917388805490
1.7319999933243,-97.932327920009
1.7339999675751,-98.935163146980
1.7359999418259,-99.927017108980
1.7380000352859,-100.90947011874
1.7400000095367,-101.88432995548
1.7419999837875,-102.85378013084
1.7439999580383,-103.82038680599
1.7460000514984,-104.78688829814
1.7480000257492,-105.75606456931
1.7500000000000,-106.73103299603
1.7519999742508,-107.71463509928
1.7539999485016,-108.70993049181
1.7560000419617,-109.71970409156
1.7580000162125,-110.74652695294
1.7599999904633,-111.79280316140
1.7619999647141,-112.86055231669
1.7640000581741,-113.95152587555
1.7660000324249,-115.06703044449
1.7680000066757,-116.20794696841
1.7699999809265,-117.37476155307
1.7719999551773,-118.56758598644
1.7740000486374,-119.78603710170
1.7760000228882,-121.02940407382
1.7779999971390,-122.29665132740
1.7799999713898,-123.58618922006
1.7819999456406,-124.89633081644
1.7840000391006,-126.22504860267
1.7860000133514,-127.57004872243
1.7879999876022,-128.92887480832
1.7899999618530,-130.29895369496
1.7920000553131,-131.67745321834
1.7940000295639,-133.06163038067
1.7960000038147,-134.44870488851
1.7979999780655,-135.83588948541
1.7999999523163,-137.22033924006
1.8020000457764,-138.59965694385
1.8040000200272,-139.97132276197
1.8059999942780,-141.33320635338
1.8079999685287,-142.68334617243
1.8099999427795,-144.02014941253
1.8120000362396,-145.34247412890
1.8140000104904,-146.64960696522
1.8159999847412,-147.94111203085
1.8179999589920,-149.21721338890
1.8200000524521,-150.47861384198
1.8220000267029,-151.72667943126
1.8240000009537,-152.96327277650
1.8259999752045,-154.19062970961
1.8279999494553,-155.41175644661
1.8300000429153,-156.63004469033
1.8320000171661,-157.84936903985
1.8339999914169,-159.07388526743
1.8359999656677,-160.30807452069
1.8380000591278,-161.55668707492
1.8400000333786,-162.82437094785
1.8420000076294,-164.11598797505
1.8439999818802,-165.43601637965
1.8459999561310,-166.78905027015
1.8480000495911,-168.17912977868
1.8500000238419,-169.61002718981
1.8519999980927,-171.08507442757
1.8539999723434,-172.60716851361
1.8559999465942,-174.17860337806
1.8580000400543,-175.80118378568
1.8600000143051,-177.47627359885
1.8619999885559,-179.20463946184
1.8639999628067,179.01344609385
1.8660000562668,177.17803752679
1.8680000305176,175.28979059978
1.8700000047684,173.34968963768
1.8719999790192,171.35898921361
1.8739999532700,169.31943994847
1.8760000467300,167.23289992379
1.8780000209808,165.10160740880
1.8799999952316,162.92796870493
1.8819999694824,160.71455001906
1.8839999437332,158.46402933798
1.8860000371933,156.17952199747
1.8880000114441,153.86387005441
1.8899999856949,151.52045996761
1.8919999599457,149.15246036565
1.8940000534058,146.76337000013
1.8960000276566,144.35674041903
1.8980000019073,141.93628624231
1.8999999761581,139.50593862735
1.9019999504089,137.06952563895
1.9040000438690,134.63142332506
1.9060000181198,132.19594320046
1.9079999923706,129.76783681921
1.9099999666214,127.35191673236
1.9119999408722,124.95370076258
1.9140000343323,122.57865138840
1.9160000085831,120.23305698411
1.9179999828339,117.92341527233
1.9199999570847,115.65715707237
1.9220000505447,113.44221001310
1.9240000247955,111.28742105721
1.9259999990463,109.20251849112
1.9279999732971,107.19854192908
1.9299999475479,105.28772773818
1.9320000410080,103.48379295361
1.9340000152588,101.80214668031
1.9359999895096,100.26027160341
1.9379999637604,98.877897139214
1.9400000572205,97.676877003168
1.9420000314713,96.681908226555
1.9440000057220,95.920042187883
1.9459999799728,95.420673314595
1.9479999542236,95.214839014227
1.9500000476837,95.334066387160
1.9520000219345,95.808027433131
1.9539999961853,96.661800739723
1.9559999704361,97.910631937929
1.9579999446869,99.555013726361
1.9600000381470,101.57418251031
1.9620000123978,103.92158092611
1.9639999866486,106.52279007032
1.9659999608994,109.27912709644
1.9680000543594,112.07671538246
1.9700000286102,114.79961450547
1.9720000028610,117.34366870493
1.9739999771118,119.62724686520
1.9759999513626,121.59587253784
1.9780000448227,123.22222052048
1.9800000190735,124.50181615334
1.9819999933243,125.44684033279
1.9839999675751,126.08057155071
1.9859999418259,126.43252035399
1.9880000352859,126.53453176988
1.9900000095367,126.41891190316
1.9919999837875,126.11609221350
1.9939999580383,125.65475257398
1.9960000514984,125.06074209478
1.9980000257492,124.35734492440
2.0000000000000,123.56537067031
2.0020000934601,122.70296076535
2.0039999485016,121.78618443284
2.0060000419617,120.82903139525
2.0079998970032,119.84346504313
2.0099999904633,118.83986117845
2.0120000839233,117.82680814940
2.0139999389648,116.81145931953
2.0160000324249,115.79955492836
2.0179998874664,114.79540514523
2.0199999809265,113.80207805160
2.0220000743866,112.82142586574
2.0239999294281,111.85410970099
2.0260000228882,110.89984892174
2.0280001163483,109.95722762004
2.0299999713898,109.02406155445
2.0320000648499,108.09750431105
2.0339999198914,107.17384435926
2.0360000133514,106.24920156138
2.0380001068115,105.31920176071
2.0399999618530,104.37947759451
2.0420000553131,103.42543729907
2.0439999103546,102.45287278020
2.0460000038147,101.45768707603
2.0480000972748,100.43632686315
2.0499999523163,99.385571264549
2.0520000457764,98.302904276605
2.0539999008179,97.186304080063
2.0559999942780,96.034297586220
2.0580000877380,94.846390913028
2.0599999427795,93.622202338501
2.0620000362396,92.362333011367
2.0639998912811,91.067766384226
2.0659999847412,89.739923006929
2.0680000782013,88.380824676683
2.0699999332428,86.992766294054
2.0720000267029,85.578370572274
2.0739998817444,84.140697711375
2.0759999752045,82.682752895121
2.0780000686646,81.207978224360
2.0799999237061,79.719708252781
2.0820000171661,78.221602222644
2.0840001106262,76.717156686965
2.0859999656677,75.209978554857
2.0880000591278,73.703566631621
2.0899999141693,72.201365059763
2.0920000076294,70.706752202868
2.0940001010895,69.222800476937
2.0959999561310,67.752561244260
2.0980000495911,66.298824788914
2.0999999046326,64.864156296282
2.1019999980927,63.450636222913
2.1040000915527,62.060225632486
2.1059999465942,60.694515759436
2.1080000400543,59.354761271692
2.1099998950958,58.041559777164
2.1119999885559,56.755354930897
2.1140000820160,55.496032821087
2.1159999370575,54.263048632230
2.1180000305176,53.055467796594
2.1199998855591,51.871825600953
2.1219999790192,50.710311253617
2.1240000724792,49.568738643619
2.1259999275208,48.444598851984
2.1280000209808,47.335103179012
2.1300001144409,46.237137561940
2.1319999694824,45.147636992200
2.1340000629425,44.063335746334
2.1359999179840,42.981102648548
2.1380000114441,41.897563503637
2.1400001049042,40.809921406467
2.1419999599457,39.715400328100
2.1440000534058,38.611309987811
2.1459999084473,37.495750825891
2.1480000019073,36.366636827556
2.1500000953674,35.222720156626
2.1519999504089,34.062954143431
2.1540000438690,32.886684005679
2.1559998989105,31.693696617121
2.1579999923706,30.484207938504
2.1600000858307,29.258817766103
2.1619999408722,28.018236493303
2.1640000343323,26.763939426314
2.1659998893738,25.497185958562
2.1679999828339,24.219719458413
2.1700000762939,22.933460210957
2.1719999313354,21.640421845728
2.1740000247955,20.342796542717
2.1760001182556,19.042711796343
2.1779999732971,17.742461304363
2.1800000667572,16.444180782645
2.1819999217987,15.150049051939
2.1840000152588,13.862149776407
2.1860001087189,12.582336050872
2.1879999637604,11.312357246892
2.1900000572205,10.053909488061
2.1919999122620,8.8080282955590
2.1940000057220,7.5759168060188
2.1960000991821,6.3583398330419
2.1979999542236,5.1556797022334
2.2000000476837,3.9681562242742
2.2019999027252,2.7954398639080
2.2039999961853,1.6370942751362
2.2060000896454,0.49229998291519
2.2079999446869,-0.64014538512166
2.2100000381470,-1.7616624278288
2.2119998931885,-2.8738357856394
2.2139999866486,-3.9786871413237
2.2160000801086,-5.0782928329883
2.2179999351501,-6.1748391400161
2.2200000286102,-7.2705649693793
2.2219998836517,-8.3677668131807
2.2239999771118,-9.4687937784123
2.2260000705719,-10.575776050453
2.2279999256134,-11.690791357166
2.2300000190735,-12.815694804958
2.2320001125336,-13.952130221766
2.2339999675751,-15.101569788455
2.2360000610352,-16.264994858909
2.2379999160767,-17.443393681620
2.2400000095367,-18.637257221944
2.2420001029968,-19.846802701572
2.2439999580383,-21.071973974535
2.2460000514984,-22.312390313009
2.2479999065399,-23.567396419926
2.2500000000000,-24.836174035104
2.2520000934601,-26.117569779283
2.2539999485016,-27.410279268854
2.2560000419617,-28.712769999307
2.2579998970032,-30.023456271929
2.2599999904633,-31.340589470605
2.2620000839233,-32.662368496870
2.2639999389648,-33.986821338628
2.2660000324249,-35.312260204198
2.2679998874664,-36.636828280973
2.2699999809265,-37.958602628567
2.2720000743866,-39.276011902203
2.2739999294281,-40.587301283236
2.2760000228882,-41.891100298955
2.2780001163483,-43.186267061486
2.2799999713898,-44.471435496610
2.2820000648499,-45.745949743417
2.2839999198914,-47.009206166819
2.2860000133514,-48.260607820664
2.2880001068115,-49.500203004142
2.2899999618530,-50.727943598544
2.2920000553131,-51.944372802721
2.2939999103546,-53.150091274668
2.2960000038147,-54.345867663105
2.2980000972748,-55.533012307842
2.2999999523163,-56.712719324688
2.3020000457764,-57.886473172103
2.3039999008179,-59.055967166915
2.3059999942780,-60.222943617963
2.3080000877380,-61.389159129184
2.3099999427795,-62.556465056022
2.3120000362396,-63.726668408934
2.3139998912811,-64.901569565947
2.3159999847412,-66.082755864216
2.3180000782013,-67.271700470412
2.3199999332428,-68.469990069799
2.3220000267029,-69.678438748582
2.3239998817444,-70.898311177202
2.3259999752045,-72.130095741585
2.3280000686646,-73.374393221355
2.3299999237061,-74.631365424860
2.3320000171661,-75.900907947535
2.3340001106262,-77.182907028328
2.3359999656677,-78.476816856885
2.3380000591278,-79.781874929358
2.3399999141693,-81.097204996474
2.3420000076294,-82.421824559670
2.3440001010895,-83.754422852797
2.3459999561310,-85.093740760879
2.3480000495911,-86.438249758532
2.3499999046326,-87.786419579294
2.3519999980927,-89.136830030282
2.3540000915527,-90.487841463102
2.3559999465942,-91.837923970742
2.3580000400543,-93.185602228343
2.3599998950958,-94.529400870588
2.3619999885559,-95.868118557658
2.3640000820160,-97.200442648755
2.3659999370575,-98.525444283539
2.3680000305176,-99.842140903631
2.3699998855591,-101.15003877335
2.3719999790192,-102.44848528912
2.3740000724792,-103.73737046189
2.3759999275208,-105.01652710226
2.3780000209808,-106.28639694752
2.3800001144409,-107.54724903594
2.3819999694824,-108.79979871043
2.3840000629425,-110.04496849700
2.3859999179840,-111.28385524320
2.3880000114441,-112.51776826698
2.3900001049042,-113.74796896920
2.3919999599457,-114.97620168979
2.3940000534058,-116.20388742387
2.3959999084473,-117.43299232431
2.3980000019073,-118.66499533816
2.4000000953674,-119.90158547267
2.4019999504089,-121.14451627308
2.4040000438690,-122.39526031994
2.4059998989105,-123.65518480524
2.4079999923706,-124.92565484236
2.4100000858307,-126.20770876236
2.4119999408722,-127.50211333342
2.4140000343323,-128.80974084741
2.4159998893738,-130.13091274091
2.4179999828339,-131.46591680473
2.4200000762939,-132.81474269987
2.4219999313354,-134.17717308615
2.4240000247955,-135.55282747744
2.4260001182556,-136.94115902998
2.4279999732971,-138.34118467182
2.4300000667572,-139.75213839162
2.4319999217987,-141.17287242585
2.4340000152588,-142.60213178433
2.4360001087189,-144.03865688894
2.4379999637604,-145.48113764272
2.4400000572205,-146.92804378513
2.4419999122620,-148.37811943855
2.4440000057220,-149.82989274828
2.4460000991821,-151.28193505618
2.4479999542236,-152.73294105470
2.4500000476837,-154.18175892718
2.4519999027252,-155.62719141543
2.4539999961853,-157.06830683501
2.4560000896454,-158.50423128360
2.4579999446869,-159.93419981627
2.4600000381470,-161.35777523034
2.4619998931885,-162.77473952989
2.4639999866486,-164.18487175503
2.4660000801086,-165.58823051984
2.4679999351501,-166.98525031493
2.4700000286102,-168.37631454915
2.4719998836517,-169.76218669864
2.4739999771118,-171.14368784757
2.4760000705719,-172.52196500921
2.4779999256134,-173.89805702865
2.4800000190735,-175.27343863553
2.4820001125336,-176.64942089604
2.4839999675751,-178.02748022591
2.4860000610352,-179.40903612639
2.4879999160767,179.20416229749
2.4900000095367,177.81085844570
2.4920001029968,176.40957686983
2.4939999580383,174.99889665672
2.4960000514984,173.57778006632
2.4979999065399,172.14497050973
2.5000000000000,170.69975709035
2.5020000934601,169.24126525054
2.5039999485016,167.76911395189
2.5060000419617,166.28275660009
2.5079998970032,164.78229904271
2.5099999904633,163.26763799384
2.5120000839233,161.73898630342
2.5139999389648,160.19700244785
2.5160000324249,158.64201489782
2.5179998874664,157.07511405101
2.5199999809265,155.49695818582
2.5220000743866,153.90874739060
2.5239999294281,152.31157696923
2.5260000228882,150.70675385796
2.5280001163483,149.09548321600
2.5299999713898,147.47930175457
2.5320000648499,145.85950498989
2.5339999198914,144.23741900683
2.5360000133514,142.61434687270
2.5380001068115,140.99182329401
2.5399999618530,139.37093726462
2.5420000553131,137.75278211419
2.5439999103546,136.13867281406
2.5460000038147,134.52915018059
2.5480000972748,132.92531401470
2.5499999523163,131.32748700541
2.5520000457764,129.73632882795
2.5539999008179,128.15182983738
2.5559999942780,126.57444163706
2.5580000877380,125.00371557891
2.5599999427795,123.43932703908
2.5620000362396,121.88084124091
2.5639998912811,120.32749369680
2.5659999847412,118.77841014143
2.5680000782013,117.23260112013
2.5699999332428,115.68864759914
2.5720000267029,114.14546300638
2.5739998817444,112.60162192220
2.5759999752045,111.05570282616
2.5780000686646,109.50596055293
2.5799999237061,107.95119238846
2.5820000171661,106.38975697676
2.5840001106262,104.82034343661
2.5859999656677,103.24153094459
2.5880000591278,101.65233670233
2.5899999141693,100.05166791996
2.5920000076294,98.438323045120
2.5940001010895,96.811973246069
2.5959999561310,95.171962377372
2.5980000495911,93.518073432987
2.5999999046326,91.849977133363
2.6019999980927,90.168001935642
2.6040000915527,88.472366527925
2.6059999465942,86.763726438838
2.6080000400543,85.042518468453
2.6099998950958,83.309945277981
2.6119999885559,81.566881846322
2.6140000820160,79.814637797842
2.6159999370575,78.054525911592
2.6180000305176,76.288184162112
2.6199998855591,74.516924019522
2.6219999790192,72.742823419015
2.6240000724792,70.967192088216
2.6259999275208,69.191781100436
2.6280000209808,67.418663437878
2.6300001144409,65.649371217356
2.6319999694824,63.885759848936
2.6340000629425,62.129363111547
2.6359999179840,60.381819717732
2.6380000114441,58.644548088934
2.6400001049042,56.918860262164
2.6419999599457,55.205846209416
2.6440000534058,53.506607896392
2.6459999084473,51.821897734683
2.6480000019073,50.152383554128
2.6500000953674,48.498164984394
2.6519999504089,46.859358647411
2.6540000438690,45.235956855421
2.6559998989105,43.627309975874
2.6579999923706,42.032872854181
2.6600000858307,40.451548942050
2.6619999408722,38.882133175746
2.6640000343323,37.323100628909
2.6659998893738,35.773030429071
2.6679999828339,34.229957233781
2.6700000762939,32.692014125969
2.6719999313354,31.157134024008
2.6740000247955,29.623128543571
2.6760001182556,28.088030313069
2.6779999732971,26.549761286994
2.6800000667572,25.006358232990
2.6819999217987,23.455959781628
2.6840000152588,21.896927308573
2.6860001087189,20.327841398769
2.6879999637604,18.747719918188
2.6900000572205,17.155138095578
2.6919999122620,15.549988029455
2.6940000057220,13.931507290923
2.6960000991821,12.299911478693
2.6979999542236,10.655420690058
2.7000000476837,8.9986890094721
2.7019999027252,7.3305931937145
2.7039999961853,5.6522248633883
2.7060000896454,3.9652227094906
2.7079999446869,2.2711172334787
2.7100000381470,0.57176604371118
2.7119998931885,-1.1303171229757
2.7139999866486,-2.8333838085018
2.7160000801086,-4.5347022639103
2.7179999351501,-6.2316484547483
2.7200000286102,-7.9220388817601
2.7219998836517,-9.6029203432194
2.7239999771118,-11.272000908223
2.7260000705719,-12.926545977732
2.7279999256134,-14.564150624128
2.7300000190735,-16.182851798461
2.7320001125336,-17.780459360462
2.7339999675751,-19.355337997523
2.7360000610352,-20.905955065914
2.7379999160767,-22.431218402386
2.7400000095367,-23.930689066060
2.7420001029968,-25.403934652314
2.7439999580383,-26.851605672741
2.7460000514984,-28.274142559675
2.7479999065399,-29.673296546262
2.7500000000000,-31.051027439672
2.7520000934601,-32.409632665471
2.7539999485016,-33.752283097914
2.7560000419617,-35.082477874956
2.7579998970032,-36.404034739805
2.7599999904633,-37.721334055123
2.7620000839233,-39.038521088168
2.7639999389648,-40.360520727760
2.7660000324249,-41.691699668942
2.7679998874664,-43.036312280205
2.7699999809265,-44.399072622998
2.7720000743866,-45.783582327600
2.7739999294281,-47.193438748223
2.7760000228882,-48.631717462477
2.7780001163483,-50.100805974922
2.7799999713898,-51.602681630276
2.7820000648499,-53.138328578962
2.7839999198914,-54.708615726482
2.7860000133514,-56.313219585518
2.7880001068115,-57.951698398737
2.7899999618530,-59.622526316227
2.7920000553131,-61.323954904236
2.7939999103546,-63.053576823156
2.7960000038147,-64.808335849938
2.7980000972748,-66.584951140285
2.7999999523163,-68.379595760378
2.8020000457764,-70.188118558895
2.8039999008179,-72.005825079238
2.8059999942780,-73.828117687693
2.8080000877380,-75.649758083756
2.8099999427795,-77.465494260485
2.8120000362396,-79.269647586620
2.8139998912811,-81.056753196303
2.8159999847412,-82.821237146812
2.8180000782013,-84.557416712971
2.8199999332428,-86.259281323588
2.8220000267029,-87.921913408471
2.8239998817444,-89.539739286292
2.8259999752045,-91.108278648327
2.8280000686646,-92.622941378427
2.8299999237061,-94.080230769681
2.8320000171661,-95.477304468120
2.8340001106262,-96.812415431261
2.8359999656677,-98.084797883815
2.8380000591278,-99.295544632658
2.8399999141693,-100.44662290720
2.8420000076294,-101.54196573587
2.8440001010895,-102.58714911880
2.8459999561310,-103.58938427383
2.8480000495911,-104.55719437478
2.8499999046326,-105.50096243220
2.8519999980927,-106.43172705613
2.8540000915527,-107.36161590730
2.8559999465942,-108.30276070531
2.8580000400543,-109.26740068627
2.8599998950958,-110.26756103341
2.8619999885559,-111.31405288496
2.8640000820160,-112.41661179371
2.8659999370575,-113.58320846661
2.8680000305176,-114.82061779501
2.8699998855591,-116.13354461106
2.8719999790192,-117.52504644517
2.8740000724792,-118.99632216881
2.8759999275208,-120.54726998872
2.8780000209808,-122.17591133509
2.8800001144409,-123.87930495528
2.8819999694824,-125.65297146997
2.8840000629425,-127.49176662917
2.8859999179840,-129.38924923794
2.8880000114441,-131.33863867636
2.8900001049042,-133.33185325847
2.8919999599457,-135.36069243934
2.8940000534058,-137.41608744697
2.8959999084473,-139.48841959085
2.8980000019073,-141.56752899469
2.9000000953674,-143.64270504685
2.9019999504089,-145.70225189653
2.9040000438690,-147.73458774200
2.9059998989105,-149.72671211704
2.9079999923706,-151.66528045424
2.9100000858307,-153.53631740101
2.9119999408722,-155.32527984770
2.9140000343323,-157.01698117995
2.9159998893738,-158.59557579220
2.9179999828339,-160.04597898456
2.9200000762939,-161.35300530847
2.9219999313354,-162.50287941194
2.9240000247955,-163.48380433595
2.9260001182556,-164.28681513164
2.9279999732971,-164.90819871612
2.9300000667572,-165.34970282862
2.9319999217987,-165.62072515153
2.9340000152588,-165.73929779747
2.9360001087189,-165.73230243326
2.9379999637604,-165.63602430015
2.9400000572205,-165.49341065745
2.9419999122620,-165.35287119346
2.9440000057220,-165.26424310843
2.9460000991821,-165.27528097716
2.9479999542236,-165.42882389425
2.9500000476837,-165.76017013417
2.9519999027252,-166.29565672536
2.9539999961853,-167.05287853477
2.9560000896454,-168.04068733995
2.9579999446869,-169.26061364652
2.9600000381470,-170.70883233460
2.9619998931885,-172.37681941442
2.9639999866486,-174.25299061580
2.9660000801086,-176.32423196660
2.9679999351501,-178.57589956258
2.9700000286102,179.00665054819
2.9719998836517,176.43838992960
2.9739999771118,173.73385382934
2.9760000705719,170.90735702014
2.9779999256134,167.97245268519
2.9800000190735,164.94247194630
2.9820001125336,161.83052803306
2.9839999675751,158.64940878983
2.9860000610352,155.41189973207
2.9879999160767,152.13089505629
2.9900000095367,148.82005539225
2.9920001029968,145.49391785017
2.9939999580383,142.16788886860
2.9960000514984,138.85945499189
2.9979999065399,135.58861247902
3.0000000000000,132.37875371540
