frequency,phase
1.0000000000000,128.86181828679
1.0019999742508,125.72701998720
1.0039999485016,122.46844716830
1.0060000419617,119.08042675447
1.0080000162125,115.55887927748
1.0099999904633,111.90181514147
1.0119999647141,108.10975595329
1.0140000581741,104.18616934255
1.0160000324249,100.13784787439
1.0180000066757,95.975106355728
1.0199999809265,91.711846120081
1.0219999551773,87.365373094146
1.0240000486374,82.955952738284
1.0260000228882,78.506153781087
1.0279999971390,74.039959408829
1.0299999713898,69.581836334308
1.0319999456406,65.155660841748
1.0340000391006,60.783867576057
1.0360000133514,56.486653670948
1.0379999876022,52.281471471953
1.0399999618530,48.182730737330
1.0420000553131,44.201735857604
1.0440000295639,40.346803195195
1.0460000038147,36.623551297878
1.0479999780655,33.035213138120
1.0499999523163,29.583057475374
1.0520000457764,26.266746495364
1.0540000200272,23.084690507882
1.0559999942780,20.034364763903
1.0579999685287,17.112562452084
1.0599999427795,14.315581555048
1.0620000362396,11.639403197066
1.0640000104904,9.0797744294054
1.0659999847412,6.6322855223631
1.0679999589920,4.2924107486973
1.0700000524521,2.0555195632637
1.0720000267029,-0.083124635709263
1.0740000009537,-2.1283783941278
1.0759999752045,-4.0852399687012
1.0779999494553,-5.9588637885466
1.0800000429153,-7.7545858560488
1.0820000171661,-9.4779341481473
1.0839999914169,-11.134624845827
1.0859999656677,-12.730565359340
1.0880000591278,-14.271823040113
1.0900000333786,-15.764600319417
1.0920000076294,-17.215182792134
1.0939999818802,-18.629898721432
1.0959999561310,-20.015042466192
1.0980000495911,-21.376797153212
1.1000000238419,-22.721190516272
1.1019999980927,-24.053996742713
1.1039999723434,-25.380682913937
1.1059999465942,-26.706336657423
1.1080000400543,-28.035642202623
1.1100000143051,-29.372791635842
1.1119999885559,-30.721488326279
1.1139999628067,-32.084987319398
1.1160000562668,-33.465938036518
1.1180000305176,-34.866506624281
1.1200000047684,-36.288444857735
1.1219999790192,-37.732933514800
1.1239999532700,-39.200766496484
1.1260000467300,-40.692407463840
1.1280000209808,-42.207847561801
1.1299999952316,-43.746881171107
1.1319999694824,-45.308982361682
1.1339999437332,-46.893456190246
1.1360000371933,-48.499442316421
1.1380000114441,-50.125937766469
1.1399999856949,-51.771905632428
1.1419999599457,-53.436270882250
1.1440000534058,-55.118003203108
1.1460000276566,-56.816153246015
1.1480000019073,-58.529813041327
1.1499999761581,-60.258327963218
1.1519999504089,-62.001239719573
1.1540000438690,-63.758292761606
1.1560000181198,-65.529531791771
1.1579999923706,-67.315379939311
1.1599999666214,-69.116616175486
1.1619999408722,-70.934437553686
1.1640000343323,-72.770516321002
1.1660000085831,-74.627008113602
1.1679999828339,-76.506623042344
1.1699999570847,-78.412614345587
1.1720000505447,-80.348829164289
1.1740000247955,-82.319707823395
1.1759999990463,-84.330275931410
1.1779999732971,-86.386163235293
1.1799999475479,-88.493536051075
1.1820000410080,-90.659102112589
1.1840000152588,-92.890005882488
1.1859999895096,-95.193760262918
1.1879999637604,-97.578125206514
1.1900000572205,-100.05098148276
1.1920000314713,-102.62013602762
1.1940000057220,-105.29315197995
1.1959999799728,-108.07705389383
1.1979999542236,-110.97810937900
1.2000000476837,-114.00147205089
1.2020000219345,-117.15087054054
1.2039999961853,-120.42825771582
1.2059999704361,-123.83344778716
1.2079999446869,-127.36379302024
1.2100000381470,-131.01394385268
1.2120000123978,-134.77561597824
1.2139999866486,-138.63763659301
1.2159999608994,-142.58592502681
1.2180000543594,-146.60386374865
1.2200000286102,-150.67275723671
1.2220000028610,-154.77241464853
1.2239999771118,-158.88188011395
1.2259999513626,-162.98019679559
1.2280000448227,-167.04715210032
1.2300000190735,-171.06400045584
1.2319999933243,-175.01387153108
1.2339999675751,-178.88225822540
1.2359999418259,177.34286027809
1.2380000352859,173.67099126731
1.2400000095367,170.10919904906
1.2419999837875,166.66232952747
1.2439999580383,163.33322780638
1.2460000514984,160.12309156948
1.2480000257492,157.03173470358
1.2500000000000,154.05780347287
1.2519999742508,151.19909522744
1.2539999485016,148.45273007168
1.2560000419617,145.81537608594
1.2580000162125,143.28331616832
1.2599999904633,140.85258898261
1.2619999647141,138.51909598048
1.2640000581741,136.27865643741
1.2660000324249,134.12701026925
1.2680000066757,132.05989530226
1.2699999809265,130.07301897793
1.2719999551773,128.16212178101
1.2740000486374,126.32294672134
1.2760000228882,124.55124857865
1.2779999971390,122.84288117639
1.2799999713898,121.19366288520
1.2819999456406,119.59952616308
1.2840000391006,118.05642219524
1.2860000133514,116.56039250492
1.2879999876022,115.10761165768
1.2899999618530,113.69433608196
1.2920000553131,112.31696083051
1.2940000295639,110.97209566426
1.2960000038147,109.65640920772
1.2979999780655,108.36692317222
1.2999999523163,107.10074454546
1.3020000457764,105.85527228292
1.3040000200272,104.62816245059
1.3059999942780,103.41727705460
1.3079999685287,102.22079232622
1.3099999427795,101.03709322127
1.3120000362396,99.864869094397
1.3140000104904,98.702999419687
1.3159999847412,97.550718187634
1.3179999589920,96.407372694673
1.3200000524521,95.272605028675
1.3220000267029,94.146251795350
1.3240000009537,93.028259551041
1.3259999752045,91.918817859495
1.3279999494553,90.818283342224
1.3300000429153,89.727010328405
1.3320000171661,88.645572854715
1.3339999914169,87.574517149789
1.3359999656677,86.514581072064
1.3380000591278,85.466365608310
1.3400000333786,84.430608394041
1.3420000076294,83.407965075478
1.3439999818802,82.399091577081
1.3459999561310,81.404506755741
1.3480000495911,80.424840211595
1.3500000238419,79.460471116858
1.3519999980927,78.511758221228
1.3539999723434,77.578918293190
1.3559999465942,76.662088211876
1.3580000400543,75.761268067122
1.3600000143051,74.876293372092
1.3619999885559,74.006892406831
1.3639999628067,73.152763308404
1.3660000562668,72.313305888990
1.3680000305176,71.487945117130
1.3700000047684,70.675946323542
1.3719999790192,69.876432201561
1.3739999532700,69.088581602606
1.3760000467300,68.311416523774
1.3780000209808,67.543922861212
1.3799999952316,66.785060576994
1.3819999694824,66.033874391952
1.3839999437332,65.289304530683
1.3860000371933,64.550414891893
1.3880000114441,63.816251974749
1.3899999856949,63.085993236617
1.3919999599457,62.358878920798
1.3940000534058,61.634277121636
1.3960000276566,60.911615528096
1.3980000019073,60.190458417972
1.3999999761581,59.470502715903
1.4019999504089,58.751555349919
1.4040000438690,58.033538555967
1.4060000181198,57.316534726515
1.4079999923706,56.600702051860
1.4099999666214,55.886290234031
1.4119999408722,55.173709122393
1.4140000343323,54.463369952137
1.4160000085831,53.755790475677
1.4179999828339,53.051571761157
1.4199999570847,52.351283403155
1.4220000505447,51.655619301595
1.4240000247955,50.965195680523
1.4259999990463,50.280617132253
1.4279999732971,49.602545708065
1.4299999475479,48.931544835315
1.4320000410080,48.268116287069
1.4340000152588,47.612775263093
1.4359999895096,46.965819098963
1.4379999637604,46.327606119927
1.4400000572205,45.698301182150
1.4420000314713,45.078033999286
1.4440000057220,44.466761271074
1.4459999799728,43.864420714101
1.4479999542236,43.270714988176
1.4500000476837,42.685421227938
1.4520000219345,42.108050326645
1.4539999961853,41.538167951482
1.4559999704361,40.975168972149
1.4579999446869,40.418398824179
1.4600000381470,39.867231834339
1.4620000123978,39.320869877379
1.4639999866486,38.778632733510
1.4659999608994,38.239786662831
1.4680000543594,37.703564706622
1.4700000286102,37.169303427327
1.4720000028610,36.636385052478
1.4739999771118,36.104151220924
1.4759999513626,35.572190131000
1.4780000448227,35.040007292580
1.4800000190735,34.507253113421
1.4819999933243,33.973733183031
1.4839999675751,33.439285486162
1.4859999418259,32.903880242177
1.4880000352859,32.367517095455
1.4900000095367,31.830445707762
1.4919999837875,31.292881620515
1.4939999580383,30.755127484278
1.4960000514984,30.217592146377
1.4980000257492,29.680769132758
1.5000000000000,29.145117077236
1.5019999742508,28.611213752004
1.5039999485016,28.079634682691
1.5060000419617,27.550924475876
1.5080000162125,27.025710628241
1.5099999904633,26.504482759647
1.5119999647141,25.987767071652
1.5140000581741,25.476050757136
1.5160000324249,24.969657242197
1.5180000066757,24.469033988652
1.5199999809265,23.974338340175
1.5219999551773,23.485786471505
1.5240000486374,23.003411731076
1.5260000228882,22.527236880088
1.5279999971390,22.057049641004
1.5299999713898,21.592705383603
1.5319999456406,21.133879041411
1.5340000391006,20.680189758949
1.5360000133514,20.231121131584
1.5379999876022,19.786174169483
1.5399999618530,19.344725326568
1.5420000553131,18.906199366829
1.5440000295639,18.469913103642
1.5460000038147,18.035157664257
1.5479999780655,17.601359090824
1.5499999523163,17.167779830249
1.5520000457764,16.733898616914
1.5540000200272,16.299115612274
1.5559999942780,15.862941250253
1.5579999685287,15.424988779665
1.5599999427795,14.984905217265
1.5620000362396,14.542418220303
1.5640000104904,14.097446171287
1.5659999847412,13.649878712176
1.5679999589920,13.199739207104
1.5700000524521,12.747253977150
1.5720000267029,12.292554462062
1.5740000009537,11.835997574346
1.5759999752045,11.377992694895
1.5779999494553,10.918921630352
1.5800000429153,10.459331295891
1.5820000171661,9.9997145319926
1.5839999914169,9.5406708553110
1.5859999656677,9.0828038127875
1.5880000591278,8.6266284894305
1.5900000333786,8.1726937350225
1.5920000076294,7.7216002756063
1.5939999818802,7.2737045583593
1.5959999561310,6.8295234166817
1.5980000495911,6.3894138438430
1.6000000238419,5.9535651540013
1.6019999980927,5.5222252550354
1.6039999723434,5.0955024130170
1.6059999465942,4.6733420051032
1.6080000400543,4.2556896704856
1.6100000143051,3.8422994914940
1.6119999885559,3.4329250475584
1.6139999628067,3.0271572987768
1.6160000562668,2.6246128341667
1.6180000305176,2.2246372377567
1.6200000047684,1.8267922764633
1.6219999790192,1.4303408833559
1.6239999532700,1.0346270115287
1.6260000467300,0.63907709887139
1.6280000209808,0.24292614319150
1.6299999952316,-0.15437229796518
1.6319999694824,-0.55355581254830
1.6339999437332,-0.95506166697665
1.6360000371933,-1.3594363067818
1.6380000114441,-1.7671166268094
1.6399999856949,-2.1783757148622
1.6419999599457,-2.5935146484186
1.6440000534058,-3.0126424524431
1.6460000276566,-3.4357594394764
1.6480000019073,-3.8628643936246
1.6499999761581,-4.2937402577364
1.6519999504089,-4.7281398031789
1.6540000438690,-5.1657094564032
1.6560000181198,-5.6060384863131
1.6579999923706,-6.0485795971356
1.6599999666214,-6.4928154125167
1.6619999408722,-6.9381160288162
1.6640000343323,-7.3838271287766
1.6660000085831,-7.8293195503995
1.6679999828339,-8.2739650849939
1.6699999570847,-8.7170795345336
1.6720000505447,-9.1580907216412
1.6740000247955,-9.5964259274514
1.6759999990463,-10.031644447196
1.6779999732971,-10.463312861993
1.6799999475479,-10.891074912082
1.6820000410080,-11.314736902889
1.6840000152588,-11.734110779284
1.6859999895096,-12.149222502531
1.6879999637604,-12.560182609231
1.6900000572205,-12.967123809409
1.6920000314713,-13.370461392837
1.6940000057220,-13.770544709712
1.6959999799728,-14.167870794275
1.6979999542236,-14.563065585711
1.7000000476837,-14.956759756347
1.7020000219345,-15.349821500276
1.7039999961853,-15.742775230032
1.7059999704361,-16.136551909470
1.7079999446869,-16.531936203612
1.7100000381470,-16.929590416382
1.7120000123978,-17.330359715418
1.7139999866486,-17.734761656089
1.7159999608994,-18.143588285042
1.7180000543594,-18.557171178436
1.7200000286102,-18.976050791615
1.7220000028610,-19.400424914038
1.7239999771118,-19.830481375253
1.7259999513626,-20.266328430342
1.7280000448227,-20.707858570494
1.7300000190735,-21.154910590799
1.7319999933243,-21.607120631527
1.7339999675751,-22.064115947797
1.7359999418259,-22.525319345163
1.7380000352859,-22.990181475644
1.7400000095367,-23.457938826651
1.7419999837875,-23.927886108848
1.7439999580383,-24.399168073919
1.7460000514984,-24.870969019780
1.7480000257492,-25.342444702014
1.7500000000000,-25.812799071576
1.7519999742508,-26.281184415958
1.7539999485016,-26.746923105031
1.7560000419617,-27.209244401109
1.7580000162125,-27.667658617026
1.7599999904633,-28.121647614537
1.7619999647141,-28.570800231506
1.7640000581741,-29.014954346770
1.7660000324249,-29.453941881543
1.7680000066757,-29.887878033025
1.7699999809265,-30.316923104536
1.7719999551773,-30.741434274321
1.7740000486374,-31.161901623217
1.7760000228882,-31.578951382749
1.7779999971390,-31.993352588554
1.7799999713898,-32.405951051065
1.7819999456406,-32.817677166638
1.7840000391006,-33.229593798258
1.7860000133514,-33.642709179402
1.7879999876022,-34.058094638520
1.7899999618530,-34.476841277020
1.7920000553131,-34.899952952757
1.7940000295639,-35.328372957385
1.7960000038147,-35.762991923330
1.7979999780655,-36.204519280491
1.7999999523163,-36.653592206441
1.8020000457764,-37.110613488897
1.8040000200272,-37.575885271619
1.8059999942780,-38.049488734938
1.8079999685287,-38.531264547919
1.8099999427795,-39.020964514168
1.8120000362396,-39.518036232796
1.8140000104904,-40.021777445022
1.8159999847412,-40.531281213273
1.8179999589920,-41.045431213038
1.8200000524521,-41.562993302714
1.8220000267029,-42.082581786569
1.8240000009537,-42.602577884878
1.8259999752045,-43.121369883385
1.8279999494553,-43.637135292847
1.8300000429153,-44.148056027275
1.8320000171661,-44.652208525428
1.8339999914169,-45.147669988528
1.8359999656677,-45.632473907675
1.8380000591278,-46.104717035183
1.8400000333786,-46.562475473986
1.8420000076294,-47.003896402580
1.8439999818802,-47.427338864373
1.8459999561310,-47.831060434215
1.8480000495911,-48.213548480447
1.8500000238419,-48.573475897835
1.8519999980927,-48.909518966549
1.8539999723434,-49.220540535019
1.8559999465942,-49.505606674398
1.8580000400543,-49.763839681214
1.8600000143051,-49.994507767194
1.8619999885559,-50.196926298060
1.8639999628067,-50.370444026115
1.8660000562668,-50.514449434455
1.8680000305176,-50.628294103790
1.8700000047684,-50.711186126992
1.8719999790192,-50.762084953775
1.8739999532700,-50.779845657462
1.8760000467300,-50.762876170883
1.8780000209808,-50.709190985074
1.8799999952316,-50.616327683958
1.8819999694824,-50.481225331579
1.8839999437332,-50.300174487405
1.8860000371933,-50.068684875911
1.8880000114441,-49.781680864390
1.8899999856949,-49.433068154845
1.8919999599457,-49.016098103966
1.8940000534058,-48.523259397405
1.8960000276566,-47.946352252844
1.8980000019073,-47.276665175579
1.8999999761581,-46.505344534477
1.9019999504089,-45.623460989071
1.9040000438690,-44.622891174143
1.9060000181198,-43.496536679062
1.9079999923706,-42.239401011503
1.9099999666214,-40.849265233249
1.9119999408722,-39.327719403755
1.9140000343323,-37.681127025625
1.9160000085831,-35.921504516562
1.9179999828339,-34.066891406809
1.9199999570847,-32.141543063328
1.9220000505447,-30.175375039132
1.9240000247955,-28.202735561855
1.9259999990463,-26.260666582559
1.9279999732971,-24.386872679395
1.9299999475479,-22.617279799581
1.9320000410080,-20.984208986083
1.9340000152588,-19.514872065927
1.9359999895096,-18.230330830891
1.9379999637604,-17.145423858405
1.9400000572205,-16.268783764804
1.9420000314713,-15.603851308725
1.9440000057220,-15.149341090670
1.9459999799728,-14.900642430373
1.9479999542236,-14.850343952096
1.9500000476837,-14.989324486964
1.9520000219345,-15.307310940895
1.9539999961853,-15.793427945966
1.9559999704361,-16.436641637070
1.9579999446869,-17.226074662956
1.9600000381470,-18.151128641210
1.9620000123978,-19.201693930338
1.9639999866486,-20.368262460675
1.9659999608994,-21.641818886467
1.9680000543594,-23.014084392954
1.9700000286102,-24.477248293119
1.9720000028610,-26.024206001945
1.9739999771118,-27.648178270885
1.9759999513626,-29.343130573507
1.9780000448227,-31.103381494491
1.9800000190735,-32.923733487191
1.9819999933243,-34.799305466673
1.9839999675751,-36.725749224664
1.9859999418259,-38.698821481655
1.9880000352859,-40.714877859222
1.9900000095367,-42.770328639606
1.9919999837875,-44.862004140001
1.9939999580383,-46.986877630736
1.9960000514984,-49.142262021648
1.9980000257492,-51.325631358090
2.0000000000000,-53.534596079781
2.0020000934601,-55.767164797581
2.0039999485016,-58.021430170849
2.0060000419617,-60.295580401827
2.0079998970032,-62.588201492743
2.0099999904633,-64.897927687334
2.0120000839233,-67.223686817620
2.0139999389648,-69.564585625938
2.0160000324249,-71.919963438963
2.0179998874664,-74.289383122438
2.0199999809265,-76.672762955568
2.0220000743866,-79.070159421782
2.0239999294281,-81.482118184370
2.0260000228882,-83.909348028054
2.0280001163483,-86.353081057757
2.0299999713898,-88.814926814680
2.0320000648499,-91.296963069996
2.0339999198914,-93.801702442570
2.0360000133514,-96.332260866229
2.0380001068115,-98.892323997793
2.0399999618530,-101.48621237518
2.0420000553131,-104.11894819116
2.0439999103546,-106.79605370561
2.0460000038147,-109.52386960805
2.0480000972748,-112.30922110978
2.0499999523163,-115.15964926278
2.0520000457764,-118.08302445674
2.0539999008179,-121.08738204650
2.0559999942780,-124.18096288864
2.0580000877380,-127.37153545998
2.0599999427795,-130.66598074469
2.0620000362396,-134.07015035442
2.0639998912811,-137.58780716640
2.0659999847412,-141.22037362292
2.0680000782013,-144.96599515861
2.0699999332428,-148.81925845764
2.0720000267029,-152.77066110008
2.0739998817444,-156.80642645779
2.0759999752045,-160.90891246135
2.0780000686646,-165.05685812603
2.0799999237061,-169.22649869113
2.0820000171661,-173.39274955405
2.0840001106262,-177.53020497591
2.0859999656677,178.38506876150
2.0880000591278,174.37487351857
2.0899999141693,170.45789605379
2.0920000076294,166.64894573533
2.0940001010895,162.95922296177
2.0959999561310,159.39626827898
2.0980000495911,155.96401636065
2.0999999046326,152.66394210576
2.1019999980927,149.49500834074
2.1040000915527,146.45459015858
2.1059999465942,143.53869999569
2.1080000400543,140.74274918413
2.1099998950958,138.06148872136
2.1119999885559,135.48951304378
2.1140000820160,133.02173709573
2.1159999370575,130.65297629877
2.1180000305176,128.37835616450
2.1199998855591,126.19346281701
2.1219999790192,124.09419132504
2.1240000724792,122.07666224587
2.1259999275208,120.13743081175
2.1280000209808,118.27344884239
2.1300001144409,116.48175240953
2.1319999694824,114.75972581546
2.1340000629425,113.10479814344
2.1359999179840,111.51473069056
2.1380000114441,109.98722726274
2.1400001049042,108.52010172148
2.1419999599457,107.11117041015
2.1440000534058,105.75824655684
2.1459999084473,104.45919912019
2.1480000019073,103.21151508347
2.1500000953674,102.01289881715
2.1519999504089,100.86089121696
2.1540000438690,99.752925578636
2.1559998989105,98.686269588894
2.1579999923706,97.658243245073
2.1600000858307,96.666007848166
2.1619999408722,95.706612301847
2.1640000343323,94.777215153490
2.1659998893738,93.874864937303
2.1679999828339,92.996721117756
2.1700000762939,92.139942247063
2.1719999313354,91.301905307692
2.1740000247955,90.479878394731
2.1760001182556,89.671621112297
2.1779999732971,88.874783974431
2.1800000667572,88.087399791993
2.1819999217987,87.307665312866
2.1840000152588,86.534105275833
2.1860001087189,85.765299243314
2.1879999637604,85.000318421312
2.1900000572205,84.238287362597
2.1919999122620,83.478716124274
2.1940000057220,82.721274734434
2.1960000991821,81.965801624493
2.1979999542236,81.212513599659
2.2000000476837,80.461684690420
2.2019999027252,79.713751286928
2.2039999961853,78.969261156810
2.2060000896454,78.228922484819
2.2079999446869,77.493558180743
2.2100000381470,76.763929257742
2.2119998931885,76.040913208853
2.2139999866486,75.325328136526
2.2160000801086,74.618158010029
2.2179999351501,73.920057708620
2.2200000286102,73.231902260857
2.2219998836517,72.554183844876
2.2239999771118,71.887557552445
2.2260000705719,71.232568023873
2.2279999256134,70.589382460512
2.2300000190735,69.958220218230
2.2320001125336,69.339077521093
2.2339999675751,68.731900276009
2.2360000610352,68.136416061966
2.2379999160767,67.552298676040
2.2400000095367,66.978893431183
2.2420001029968,66.415645035190
2.2439999580383,65.861745574756
2.2460000514984,65.316421754531
2.2479999065399,64.778641945553
2.2500000000000,64.247361046560
2.2520000934601,63.721820437790
2.2539999485016,63.200703788084
2.2560000419617,62.683085290727
2.2579998970032,62.168090004995
2.2599999904633,61.654675367033
2.2620000839233,61.141975194561
2.2639999389648,60.629274898213
2.2660000324249,60.115863118552
2.2679998874664,59.601139685560
2.2699999809265,59.084778345360
2.2720000743866,58.566448848870
2.2739999294281,58.045988500087
2.2760000228882,57.523287616368
2.2780001163483,56.998398520939
2.2799999713898,56.471603385461
2.2820000648499,55.943327727511
2.2839999198914,55.413686213304
2.2860000133514,54.883445655570
2.2880001068115,54.353041943044
2.2899999618530,53.823129801517
2.2920000553131,53.294306135554
2.2939999103546,52.767285713387
2.2960000038147,52.242782891508
2.2980000972748,51.721449938586
2.2999999523163,51.203883991521
2.3020000457764,50.690747183388
2.3039999008179,50.182578760288
2.3059999942780,49.679769697654
2.3080000877380,49.182754081396
2.3099999427795,48.691850989724
2.3120000362396,48.207183320180
2.3139998912811,47.728903781350
2.3159999847412,47.256967322522
2.3180000782013,46.791254716141
2.3199999332428,46.331557765385
2.3220000267029,45.877594416223
2.3239998817444,45.428826571939
2.3259999752045,44.984864953695
2.3280000686646,44.545051096503
2.3299999237061,44.108904868816
2.3320000171661,43.675649487093
2.3340001106262,43.244642475347
2.3359999656677,42.815210848841
2.3380000591278,42.386550546055
2.3399999141693,41.958157822103
2.3420000076294,41.529279240655
2.3440001010895,41.099467922180
2.3459999561310,40.668238506571
2.3480000495911,40.234987192653
2.3499999046326,39.799488854805
2.3519999980927,39.361540980527
2.3540000915527,38.920857586600
2.3559999465942,38.477551092293
2.3580000400543,38.031510348172
2.3599998950958,37.582959837010
2.3619999885559,37.132168855684
2.3640000820160,36.679354430436
2.3659999370575,36.224842864506
2.3680000305176,35.769294837840
2.3699998855591,35.312988508845
2.3719999790192,34.856510604694
2.3740000724792,34.400474652014
2.3759999275208,33.945364661039
2.3780000209808,33.491785220091
2.3800001144409,33.040230972817
2.3819999694824,32.591237921993
2.3840000629425,32.145254289431
2.3859999179840,31.702712808278
2.3880000114441,31.263942059865
2.3900001049042,30.829104872919
2.3919999599457,30.398582740389
2.3940000534058,29.972271455301
2.3959999084473,29.550273353578
2.3980000019073,29.132539550058
2.4000000953674,28.718738896202
2.4019999504089,28.308711280656
2.4040000438690,27.902176530758
2.4059998989105,27.498595001849
2.4079999923706,27.097526868550
2.4100000858307,26.698425961501
2.4119999408722,26.300798024169
2.4140000343323,25.903880483403
2.4159998893738,25.507130457642
2.4179999828339,25.110049241939
2.4200000762939,24.711931093077
2.4219999313354,24.312118536269
2.4240000247955,23.910285974074
2.4260001182556,23.505884916222
2.4279999732971,23.098530487905
2.4300000667572,22.687791223154
2.4319999217987,22.273554882299
2.4340000152588,21.855656122925
2.4360001087189,21.433987277376
2.4379999637604,21.008548414458
2.4400000572205,20.579448897127
2.4419999122620,20.146906375614
2.4440000057220,19.711195479463
2.4460000991821,19.272587704937
2.4479999542236,18.831467636872
2.4500000476837,18.388378026313
2.4519999027252,17.943651602622
2.4539999961853,17.497886202019
2.4560000896454,17.051464261667
2.4579999446869,16.605044050129
2.4600000381470,16.159005068943
2.4619998931885,15.713786529708
2.4639999866486,15.269989302367
2.4660000801086,14.827719598169
2.4679999351501,14.387418172409
2.4700000286102,13.949301765131
2.4719998836517,13.513482688408
2.4739999771118,13.080065788581
2.4760000705719,12.649053322001
2.4779999256134,12.220280155138
2.4800000190735,11.793584264917
2.4820001125336,11.368639704424
2.4839999675751,10.945112880065
2.4860000610352,10.522513870200
2.4879999160767,10.100463042250
2.4900000095367,9.6782489298180
2.4920001029968,9.2553225533968
2.4939999580383,8.8310871777823
2.4960000514984,8.4048285221094
2.4979999065399,7.9760016038205
2.5000000000000,7.5439513354640
2.5020000934601,7.1079661372700
2.5039999485016,6.6676105840646
2.5060000419617,6.2223367504510
2.5079998970032,5.7716540573005
2.5099999904633,5.3152877613895
2.5120000839233,4.8528568806251
2.5139999389648,4.3841964166541
2.5160000324249,3.9091977732837
2.5179998874664,3.4278061239286
2.5199999809265,2.9401307279251
2.5220000743866,2.4462261143613
2.5239999294281,1.9464198150899
2.5260000228882,1.4409859876554
2.5280001163483,0.93019709845066
2.5299999713898,0.41454510611984
2.5320000648499,-0.10553279002540
2.5339999198914,-0.62949029578607
2.5360000133514,-1.1570540897251
2.5380001068115,-1.6875137981741
2.5399999618530,-2.2203778310885
2.5420000553131,-2.7553730270170
2.5439999103546,-3.2920074076197
2.5460000038147,-3.8298442356987
2.5480000972748,-4.3686089556400
2.5499999523163,-4.9080847054883
2.5520000457764,-5.4481616526452
2.5539999008179,-5.9888392132325
2.5559999942780,-6.5300085047476
2.5580000877380,-7.0719427762339
2.5599999427795,-7.6148062943560
2.5620000362396,-8.1589820825741
2.5639998912811,-8.7049600402142
2.5659999847412,-9.2531229941639
2.5680000782013,-9.8041829479315
2.5699999332428,-10.358903650354
2.5720000267029,-10.917832182649
2.5739998817444,-11.481841027256
2.5759999752045,-12.051861163652
2.5780000686646,-12.628657332820
2.5799999237061,-13.213047827890
2.5820000171661,-13.805908139176
2.5840001106262,-14.408003158892
2.5859999656677,-15.020206973159
2.5880000591278,-15.643120467213
2.5899999141693,-16.277508652043
2.5920000076294,-16.923808876382
2.5940001010895,-17.582619855950
2.5959999561310,-18.254329527425
2.5980000495911,-18.939260499825
2.5999999046326,-19.637633413010
2.6019999980927,-20.349504257886
2.6040000915527,-21.075033055622
2.6059999465942,-21.814058076749
2.6080000400543,-22.566637243791
2.6099998950958,-23.332494040300
2.6119999885559,-24.111515756925
2.6140000820160,-24.903382145432
2.6159999370575,-25.707760135695
2.6180000305176,-26.524485104102
2.6199998855591,-27.353177685717
2.6219999790192,-28.193784738435
2.6240000724792,-29.045972207036
2.6259999275208,-29.909638329444
2.6280000209808,-30.784827985274
2.6300001144409,-31.671550516642
2.6319999694824,-32.570076596315
2.6340000629425,-33.480624441348
2.6359999179840,-34.403848268397
2.6380000114441,-35.340457398667
2.6400001049042,-36.291222175015
2.6419999599457,-37.257282519528
2.6440000534058,-38.240064319245
2.6459999084473,-39.241041804244
2.6480000019073,-40.262183406975
2.6500000953674,-41.305670781637
2.6519999504089,-42.373913972634
2.6540000438690,-43.469641258819
2.6559998989105,-44.596073440790
2.6579999923706,-45.756606129407
2.6600000858307,-46.955219275477
2.6619999408722,-48.196075651322
2.6640000343323,-49.484139417001
2.6659998893738,-50.824604263820
2.6679999828339,-52.223317068833
2.6700000762939,-53.686946755713
2.6719999313354,-55.222753910576
2.6740000247955,-56.838887189940
2.6760001182556,-58.544577835168
2.6779999732971,-60.350207161473
2.6800000667572,-62.267575604271
2.6819999217987,-64.310186690159
2.6840000152588,-66.493331412068
2.6860001087189,-68.834775842718
2.6879999637604,-71.354677701535
2.6900000572205,-74.076480208661
2.6919999122620,-77.026741091541
2.6940000057220,-80.235782307937
2.6960000991821,-83.737538347885
2.6979999542236,-87.569219901360
2.7000000476837,-91.770223178540
2.7019999027252,-96.379672253661
2.7039999961853,-101.43280878666
2.7060000896454,-106.95428037392
2.7079999446869,-112.95047676420
2.7100000381470,-119.39910295149
2.7119998931885,-126.24065819012
2.7139999866486,-133.37443586145
2.7160000801086,-140.66328335783
2.7179999351501,-147.94863962361
2.7200000286102,-155.07290992662
2.7219998836517,-161.90058417935
2.7239999771118,-168.33342070886
2.7260000705719,-174.31437105258
2.7279999256134,-179.82327340088
2.7300000190735,175.13227701630
2.7320001125336,170.52643395055
2.7339999675751,166.32340942639
2.7360000610352,162.48396785083
2.7379999160767,158.96833420374
2.7400000095367,155.73934851473
2.7420001029968,152.76313414389
2.7439999580383,150.00919938404
2.7460000514984,147.45110219105
2.7479999065399,145.06545489954
2.7500000000000,142.83181987627
2.7520000934601,140.73270842779
2.7539999485016,138.75261302035
2.7560000419617,136.87808187562
2.7579998970032,135.09731305661
2.7599999904633,133.39993137554
2.7620000839233,131.77696886613
2.7639999389648,130.21990309327
2.7660000324249,128.72206957758
2.7679998874664,127.27680208229
2.7699999809265,125.87852244946
2.7720000743866,124.52199665899
2.7739999294281,123.20284046357
2.7760000228882,121.91701502351
2.7780001163483,120.66091854751
2.7799999713898,119.43159008800
2.7820000648499,118.22598254148
2.7839999198914,117.04179268407
2.7860000133514,115.87705482019
2.7880001068115,114.72979743016
2.7899999618530,113.59872143821
2.7920000553131,112.48250317493
2.7939999103546,111.38005722993
2.7960000038147,110.29083365909
2.7980000972748,109.21417537998
2.7999999523163,108.14976023569
2.8020000457764,107.09725469851
2.8039999008179,106.05666115466
2.8059999942780,105.02830695745
2.8080000877380,104.01175673492
2.8099999427795,103.00788316454
2.8120000362396,102.01668635333
2.8139998912811,101.03849329424
2.8159999847412,100.07385272810
2.8180000782013,99.123089826617
2.8199999332428,98.186644428372
2.8220000267029,97.264841695651
2.8239998817444,96.358010895266
2.8259999752045,95.466480280836
2.8280000686646,94.590576681124
2.8299999237061,93.730191317125
2.8320000171661,92.885542883613
2.8340001106262,92.056740523282
2.8359999656677,91.243237611860
2.8380000591278,90.445143689532
2.8399999141693,89.661912246192
2.8420000076294,88.893106155136
2.8440001010895,88.138397339103
2.8459999561310,87.396912203974
2.8480000495911,86.667994461121
2.8499999046326,85.950988146694
2.8519999980927,85.244801782966
2.8540000915527,84.548778100802
2.8559999465942,83.861715654529
2.8580000400543,83.183067715919
2.8599998950958,82.511633773690
2.8619999885559,81.846537034366
2.8640000820160,81.187122730017
2.8659999370575,80.532408270352
2.8680000305176,79.881736959937
2.8699998855591,79.234453460762
2.8719999790192,78.590230107297
2.8740000724792,77.948410769267
2.8759999275208,77.308887227063
2.8780000209808,76.671219848886
2.8800001144409,76.035739600520
2.8819999694824,75.402116669529
2.8840000629425,74.770897803628
2.8859999179840,74.142193798270
2.8880000114441,73.516219374372
2.8900001049042,72.893742959181
2.8919999599457,72.275200881940
2.8940000534058,71.661249815927
2.8959999084473,71.052433671664
2.8980000019073,70.449518545934
2.9000000953674,69.853380875839
2.9019999504089,69.264453307407
2.9040000438690,68.683506523286
2.9059998989105,68.111299801731
2.9079999923706,67.548382866523
2.9100000858307,66.995082931867
2.9119999408722,66.452055127523
2.9140000343323,65.919518570702
2.9159998893738,65.397690811193
2.9179999828339,64.886573635462
2.9200000762939,64.386386684001
2.9219999313354,63.896582360709
2.9240000247955,63.417156878531
2.9260001182556,62.947564817483
2.9279999732971,62.487266994074
2.9300000667572,62.035601199250
2.9319999217987,61.591910264237
2.9340000152588,61.155214209831
2.9360001087189,60.724641588047
2.9379999637604,60.299421589423
2.9400000572205,59.878243279294
2.9419999122620,59.460566168697
2.9440000057220,59.044961704219
2.9460000991821,58.630996142417
2.9479999542236,58.217577258114
2.9500000476837,57.804161420614
2.9519999027252,57.389869194954
2.9539999961853,56.974267634306
2.9560000896454,56.557241775891
2.9579999446869,56.138143363650
2.9600000381470,55.717073363462
2.9619998931885,55.294151066719
2.9639999866486,54.869581002238
2.9660000801086,54.443601959525
2.9679999351501,54.016631630677
2.9700000286102,53.589440821046
2.9719998836517,53.162585465230
2.9739999771118,52.736923905212
2.9760000705719,52.313236615828
2.9779999256134,51.892388720748
2.9800000190735,51.475365595515
2.9820001125336,51.063036184039
2.9839999675751,50.656398183541
2.9860000610352,50.256203194058
2.9879999160767,49.863325955237
2.9900000095367,49.478321774498
2.9920001029968,49.101843796115
2.9939999580383,48.734435284447
2.9960000514984,48.376202902254
2.9979999065399,48.027592142235
3.0000000000000,47.688489325292