frequency,phase
1.0000000000000,128.95639995823
1.0019999742508,126.75545607784
1.0039999485016,124.58982283689
1.0060000419617,122.45951265276
1.0080000162125,120.36436838674
1.0099999904633,118.30418942352
1.0119999647141,116.27860304557
1.0140000581741,114.28712401201
1.0160000324249,112.32914650767
1.0180000066757,110.40392274273
1.0199999809265,108.51056062084
1.0219999551773,106.64805584560
1.0240000486374,104.81524385167
1.0260000228882,103.01086442312
1.0279999971390,101.23349887941
1.0299999713898,99.481637745308
1.0319999456406,97.753653883988
1.0340000391006,96.047834662343
1.0360000133514,94.362410052372
1.0379999876022,92.695516185727
1.0399999618530,91.045274219033
1.0420000553131,89.409758067799
1.0440000295639,87.787062292708
1.0460000038147,86.175274108046
1.0479999780655,84.572529268929
1.0499999523163,82.977010548122
1.0520000457764,81.386962751427
1.0540000200272,79.800732969462
1.0559999942780,78.216757575047
1.0579999685287,76.633590309333
1.0599999427795,75.049900938934
1.0620000362396,73.464497246762
1.0640000104904,71.876335031452
1.0659999847412,70.284485609164
1.0679999589920,68.688178247140
1.0700000524521,67.086793782979
1.0720000267029,65.479828839402
1.0740000009537,63.866928542791
1.0759999752045,62.247872049156
1.0779999494553,60.622552478318
1.0800000429153,58.990984151055
1.0820000171661,57.353275602047
1.0839999914169,55.709651921243
1.0859999656677,54.060409906580
1.0880000591278,52.405924359109
1.0900000333786,50.746644900937
1.0920000076294,49.083060915641
1.0939999818802,47.415731616271
1.0959999561310,45.745224253978
1.0980000495911,44.072166969151
1.1000000238419,42.397163308822
1.1019999980927,40.720859880605
1.1039999723434,39.043883943291
1.1059999465942,37.366848485905
1.1080000400543,35.690364899836
1.1100000143051,34.015012706658
1.1119999885559,32.341335237906
1.1139999628067,30.669845198602
1.1160000562668,29.001000262777
1.1180000305176,27.335215121605
1.1200000047684,25.672857458785
1.1219999790192,24.014218808888
1.1239999532700,22.359541263650
1.1260000467300,20.708995053154
1.1280000209808,19.062691178660
1.1299999952316,17.420657593235
1.1319999694824,15.782864788228
1.1339999437332,14.149208615192
1.1360000371933,12.519512253209
1.1380000114441,10.893535177245
1.1399999856949,9.2709708244168
1.1419999599457,7.6514502472690
1.1440000534058,6.0345427722132
1.1460000276566,4.4197667449879
1.1480000019073,2.8065921263544
1.1499999761581,1.1944433153429
1.1519999504089,-0.41728935436342
1.1540000438690,-2.0292276937247
1.1560000181198,-3.6420822585995
1.1579999923706,-5.2565045741876
1.1599999666214,-6.8731674198812
1.1619999408722,-8.4927683235184
1.1640000343323,-10.115985991851
1.1660000085831,-11.743481807222
1.1679999828339,-13.375896541791
1.1699999570847,-15.013845572104
1.1720000505447,-16.657903399736
1.1740000247955,-18.308607535925
1.1759999990463,-19.966449558341
1.1779999732971,-21.631868824805
1.1799999475479,-23.305252330882
1.1820000410080,-24.986928675471
1.1840000152588,-26.677171139930
1.1859999895096,-28.376177325711
1.1879999637604,-30.084105958582
1.1900000572205,-31.801029043563
1.1920000314713,-33.526971898018
1.1940000057220,-35.261884745214
1.1959999799728,-37.005663217189
1.1979999542236,-38.758151881595
1.2000000476837,-40.519110942737
1.2020000219345,-42.288280933187
1.2039999961853,-44.065317872204
1.2059999704361,-45.849841795064
1.2079999446869,-47.641420860261
1.2100000381470,-49.439582976829
1.2120000123978,-51.243812314144
1.2139999866486,-53.053546622887
1.2159999608994,-54.868208997529
1.2180000543594,-56.687165717542
1.2200000286102,-58.509777568857
1.2220000028610,-60.335370756903
1.2239999771118,-62.163239141666
1.2259999513626,-63.992685287706
1.2280000448227,-65.822955765542
1.2300000190735,-67.653325694747
1.2319999933243,-69.483051290844
1.2339999675751,-71.311354510337
1.2359999418259,-73.137488181554
1.2380000352859,-74.960690250753
1.2400000095367,-76.780212126254
1.2419999837875,-78.595300764446
1.2439999580383,-80.405205488613
1.2460000514984,-82.209201431653
1.2480000257492,-84.006593643543
1.2500000000000,-85.796663191297
1.2519999742508,-87.578748286103
1.2539999485016,-89.352193246455
1.2560000419617,-91.116383303995
1.2580000162125,-92.870737785615
1.2599999904633,-94.614669270432
1.2619999647141,-96.347673427742
1.2640000581741,-98.069255752505
1.2660000324249,-99.778981559822
1.2680000066757,-101.47644899891
1.2699999809265,-103.16129763184
1.2719999551773,-104.83322631662
1.2740000486374,-106.49198480580
1.2760000228882,-108.13736406818
1.2779999971390,-109.76921290944
1.2799999713898,-111.38743532217
1.2819999456406,-112.99198271211
1.2840000391006,-114.58287794764
1.2860000133514,-116.16018056110
1.2879999876022,-117.72400599338
1.2899999618530,-119.27454384170
1.2920000553131,-120.81197539625
1.2940000295639,-122.33661057688
1.2960000038147,-123.84873150701
1.2979999780655,-125.34869713344
1.2999999523163,-126.83688650844
1.3020000457764,-128.31372312473
1.3040000200272,-129.77964513760
1.3059999942780,-131.23510474197
1.3079999685287,-132.68059300498
1.3099999427795,-134.11655578980
1.3120000362396,-135.54350727074
1.3140000104904,-136.96190078928
1.3159999847412,-138.37218972951
1.3179999589920,-139.77482349708
1.3200000524521,-141.17021756382
1.3220000267029,-142.55871121508
1.3240000009537,-143.94069108142
1.3259999752045,-145.31639985869
1.3279999494553,-146.68612453225
1.3300000429153,-148.05001712132
1.3320000171661,-149.40821573846
1.3339999914169,-150.76078652527
1.3359999656677,-152.10772285763
1.3380000591278,-153.44895413397
1.3400000333786,-154.78436773027
1.3420000076294,-156.11372599961
1.3439999818802,-157.43674853777
1.3459999561310,-158.75314398109
1.3480000495911,-160.06246304239
1.3500000238419,-161.36425754520
1.3519999980927,-162.65799064065
1.3539999723434,-163.94306339591
1.3559999465942,-165.21887449273
1.3580000400543,-166.48470040305
1.3600000143051,-167.73981464224
1.3619999885559,-168.98352401357
1.3639999628067,-170.21496755152
1.3660000562668,-171.43339021294
1.3680000305176,-172.63796214212
1.3700000047684,-173.82787697444
1.3719999790192,-175.00232854614
1.3739999532700,-176.16053725309
1.3760000467300,-177.30173889974
1.3780000209808,-178.42520937614
1.3799999952316,-179.53030649994
1.3819999694824,179.38359769798
1.3839999437332,178.31700910070
1.3860000371933,177.27035085744
1.3880000114441,176.24401942241
1.3899999856949,175.23820561006
1.3919999599457,174.25303286403
1.3940000534058,173.28852760914
1.3960000276566,172.34450043480
1.3980000019073,171.42070363443
1.3999999761581,170.51670072452
1.4019999504089,169.63191844334
1.4040000438690,168.76563170770
1.4060000181198,167.91699517072
1.4079999923706,167.08500895729
1.4099999666214,166.26855511856
1.4119999408722,165.46640413936
1.4140000343323,164.67718842714
1.4160000085831,163.89953164359
1.4179999828339,163.13190077508
1.4199999570847,162.37280604204
1.4220000505447,161.62066647157
1.4240000247955,160.87396229957
1.4259999990463,160.13111242862
1.4279999732971,159.39074632945
1.4299999475479,158.65140552194
1.4320000410080,157.91180297375
1.4340000152588,157.17078290659
1.4359999895096,156.42734279912
1.4379999637604,155.68057127103
1.4400000572205,154.92974624648
1.4420000314713,154.17438143253
1.4440000057220,153.41412289253
1.4459999799728,152.64887041702
1.4479999542236,151.87860251417
1.4500000476837,151.10366478695
1.4520000219345,150.32448827298
1.4539999961853,149.54172151599
1.4559999704361,148.75613958428
1.4579999446869,147.96883909828
1.4600000381470,147.18093670553
1.4620000123978,146.39376883180
1.4639999866486,145.60878858271
1.4659999608994,144.82766373981
1.4680000543594,144.05204040891
1.4700000286102,143.28372556348
1.4720000028610,142.52456301979
1.4739999771118,141.77652073069
1.4759999513626,141.04153907193
1.4780000448227,140.32156813493
1.4800000190735,139.61856337097
1.4819999933243,138.93448049723
1.4839999675751,138.27114485082
1.4859999418259,137.63031143434
1.4880000352859,137.01361301471
1.4900000095367,136.42248827716
1.4919999837875,135.85824362919
1.4939999580383,135.32193834648
1.4960000514984,134.81442762239
1.4980000257492,134.33615222010
1.5000000000000,133.88736310921
1.5019999742508,133.46789853122
1.5039999485016,133.07730763989
1.5060000419617,132.71469087076
1.5080000162125,132.37882451518
1.5099999904633,132.06805207295
1.5119999647141,131.78033742855
1.5140000581741,131.51337054134
1.5160000324249,131.26434129496
1.5180000066757,131.03039434211
1.5199999809265,130.80822194274
1.5219999551773,130.59446486219
1.5240000486374,130.38556622110
1.5260000228882,130.17798713628
1.5279999971390,129.96824566197
1.5299999713898,129.75281956025
1.5319999456406,129.52851832468
1.5340000391006,129.29224601076
1.5360000133514,129.04133320717
1.5379999876022,128.77331613385
1.5399999618530,128.48623051469
1.5420000553131,128.17843258669
1.5440000295639,127.84867591951
1.5460000038147,127.49623475988
1.5479999780655,127.12079256507
1.5499999523163,126.72237243330
1.5520000457764,126.30152601284
1.5540000200272,125.85906607895
1.5559999942780,125.39625086923
1.5579999685287,124.91461334928
1.5599999427795,124.41606811925
1.5620000362396,123.90268269444
1.5640000104904,123.37686549742
1.5659999847412,122.84110702695
1.5679999589920,122.29816329835
1.5700000524521,121.75092746397
1.5720000267029,121.20227096114
1.5740000009537,120.65530863158
1.5759999752045,120.11304662809
1.5779999494553,119.57848786001
1.5800000429153,119.05474940627
1.5820000171661,118.54467057548
1.5839999914169,118.05112323189
1.5859999656677,117.57675012311
1.5880000591278,117.12401883640
1.5900000333786,116.69519374135
1.5920000076294,116.29218495886
1.5939999818802,115.91657806099
1.5959999561310,115.56963032007
1.5980000495911,115.25219121441
1.6000000238419,114.96456056680
1.6019999980927,114.70667815038
1.6039999723434,114.47781195286
1.6059999465942,114.27678628170
1.6080000400543,114.10190648547
1.6100000143051,113.95085017157
1.6119999885559,113.82080212742
1.6139999628067,113.70848807744
1.6160000562668,113.61026998210
1.6180000305176,113.52199706053
1.6200000047684,113.43935134897
1.6219999790192,113.35785383466
1.6239999532700,113.27280448253
1.6260000467300,113.17966502769
1.6280000209808,113.07393352021
1.6299999952316,112.95143086871
1.6319999694824,112.80810513348
1.6339999437332,112.64043734375
1.6360000371933,112.44533974369
1.6380000114441,112.22018832499
1.6399999856949,111.96288091893
1.6419999599457,111.67194494494
1.6440000534058,111.34630992689
1.6460000276566,110.98558990351
1.6480000019073,110.58987765982
1.6499999761581,110.15965649920
1.6519999504089,109.69602443854
1.6540000438690,109.20034425393
1.6560000181198,108.67447465911
1.6579999923706,108.12051846341
1.6599999666214,107.54093595923
1.6619999408722,106.93837662054
1.6640000343323,106.31570957328
1.6660000085831,105.67599365067
1.6679999828339,105.02239827416
1.6699999570847,104.35817671363
1.6720000505447,103.68671570778
1.6740000247955,103.01129079865
1.6759999990463,102.33529430853
1.6779999732971,101.66205601531
1.6799999475479,100.99485484912
1.6820000410080,100.33680762983
1.6840000152588,99.690945085174
1.6859999895096,99.060162744271
1.6879999637604,98.447113347741
1.6900000572205,97.854170479018
1.6920000314713,97.283521454733
1.6940000057220,96.736943081421
1.6959999799728,96.215881555253
1.6979999542236,95.721430380200
1.7000000476837,95.254163062519
1.7020000219345,94.814217175347
1.7039999961853,94.401209032161
1.7059999704361,94.014292684959
1.7079999446869,93.652019293814
1.7100000381470,93.312422514079
1.7120000123978,92.993070110452
1.7139999866486,92.690930022629
1.7159999608994,92.402614155595
1.7180000543594,92.124324769981
1.7200000286102,91.851936816767
1.7220000028610,91.580996940173
1.7239999771118,91.306997102262
1.7259999513626,91.025402003618
1.7280000448227,90.731594569080
1.7300000190735,90.421176085715
1.7319999933243,90.089993888127
1.7339999675751,89.734141029561
1.7359999418259,89.350093125825
1.7380000352859,88.934844969522
1.7400000095367,88.485746366893
1.7419999837875,88.000721141555
1.7439999580383,87.478211605561
1.7460000514984,86.917125197014
1.7480000257492,86.316860765328
1.7500000000000,85.677391095653
1.7519999742508,84.999098631203
1.7539999485016,84.282612034736
1.7560000419617,83.529269462112
1.7580000162125,82.740410058363
1.7599999904633,81.917945096176
1.7619999647141,81.063844673875
1.7640000581741,80.180455172930
1.7660000324249,79.270181937883
1.7680000066757,78.335675794763
1.7699999809265,77.379639942034
1.7719999551773,76.404917465947
1.7740000486374,75.414403622146
1.7760000228882,74.411020703950
1.7779999971390,73.397668688158
1.7799999713898,72.377319292543
1.7819999456406,71.352872339433
1.7840000391006,70.327112764105
1.7860000133514,69.302832200524
1.7879999876022,68.282618318436
1.7899999618530,67.269048105343
1.7920000553131,66.264435218059
1.7940000295639,65.270970919309
1.7960000038147,64.290622273318
1.7979999780655,63.325077145691
1.7999999523163,62.375846401129
1.8020000457764,61.444043870449
1.8040000200272,60.530464865101
1.8059999942780,59.635573215741
1.8079999685287,58.759424550020
1.8099999427795,57.901745412658
1.8120000362396,57.061714231844
1.8140000104904,56.238076765244
1.8159999847412,55.429242292682
1.8179999589920,54.633032519065
1.8200000524521,53.846987100174
1.8220000267029,53.068130364269
1.8240000009537,52.293092783688
1.8259999752045,51.518331299583
1.8279999494553,50.739908724895
1.8300000429153,49.953644602492
1.8320000171661,49.155330705152
1.8339999914169,48.340628918739
1.8359999656677,47.505211715862
1.8380000591278,46.644880547161
1.8400000333786,45.755426425883
1.8420000076294,44.833052957336
1.8439999818802,43.874120490098
1.8459999561310,42.875299959050
1.8480000495911,41.833641233603
1.8500000238419,40.746575021386
1.8519999980927,39.611833202773
1.8539999723434,38.427672788478
1.8559999465942,37.192557451051
1.8580000400543,35.905528753853
1.8600000143051,34.565773250001
1.8619999885559,33.172907124889
1.8639999628067,31.726876840867
1.8660000562668,30.227839907338
1.8680000305176,28.676212674682
1.8700000047684,27.072648348948
1.8719999790192,25.417884110236
1.8739999532700,23.712988227190
1.8760000467300,21.958966217162
1.8780000209808,20.157024586321
1.8799999952316,18.308447836246
1.8819999694824,16.414545132445
1.8839999437332,14.476712124884
1.8860000371933,12.496312136234
1.8880000114441,10.474740333828
1.8899999856949,8.4133904307542
1.8919999599457,6.3136529766764
1.8940000534058,4.1769238408312
1.8960000276566,2.0045136994336
1.8980000019073,-0.20229290416481
1.8999999761581,-2.4422397276533
1.9019999504089,-4.7140427421312
1.9040000438690,-7.0166357521976
1.9060000181198,-9.3488181665264
1.9079999923706,-11.709604064734
1.9099999666214,-14.097902088766
1.9119999408722,-16.512866928806
1.9140000343323,-18.953564416883
1.9160000085831,-21.419209950969
1.9179999828339,-23.909033462325
1.9199999570847,-26.422377011650
1.9220000505447,-28.958644942059
1.9240000247955,-31.517291493446
1.9259999990463,-34.097898536663
1.9279999732971,-36.700091904922
1.9299999475479,-39.323703955493
1.9320000410080,-41.968460173330
1.9340000152588,-44.634475845828
1.9359999895096,-47.321746124191
1.9379999637604,-50.030573818078
1.9400000572205,-52.761337997643
1.9420000314713,-55.514637141802
1.9440000057220,-58.291358546935
1.9459999799728,-61.092501424359
1.9479999542236,-63.919487020048
1.9500000476837,-66.774016594497
1.9520000219345,-69.658295245874
1.9539999961853,-72.574976682989
1.9559999704361,-75.527422114865
1.9579999446869,-78.519781852432
1.9600000381470,-81.557113123901
1.9620000123978,-84.645861423552
1.9639999866486,-87.794004871937
1.9659999608994,-91.011706925214
1.9680000543594,-94.311890537425
1.9700000286102,-97.711165449919
1.9720000028610,-101.23136451163
1.9739999771118,-104.90136052936
1.9759999513626,-108.76019911877
1.9780000448227,-112.86148171120
1.9800000190735,-117.28088813643
1.9819999933243,-122.12747839317
1.9839999675751,-127.56338127833
1.9859999418259,-133.83578984563
1.9880000352859,-141.33167932355
1.9900000095367,-150.66226340400
1.9919999837875,-162.75431912415
1.9939999580383,-178.75603274501
1.9960000514984,160.88240874323
1.9980000257492,138.33152919528
2.0000000000000,117.83418436153
2.0020000934601,101.68690740287
2.0039999485016,89.505237722974
2.0060000419617,80.142633297654
2.0079998970032,72.659040140134
2.0099999904633,66.432586104259
2.0120000839233,61.069030357716
2.0139999389648,56.316967779767
2.0160000324249,52.011597829550
2.0179998874664,48.042218735296
2.0199999809265,44.332168055576
2.0220000743866,40.826969719153
2.0239999294281,37.487118878941
2.0260000228882,34.283376538113
2.0280001163483,31.193784169923
2.0299999713898,28.201340452235
2.0320000648499,25.292991167428
2.0339999198914,22.458461479033
2.0360000133514,19.689502165041
2.0380001068115,16.979610382653
2.0399999618530,14.323542738270
2.0420000553131,11.716923689888
2.0439999103546,9.1563131741662
2.0460000038147,6.6387598849873
2.0480000972748,4.1618602114334
2.0499999523163,1.7236464841733
2.0520000457764,-0.67752018314195
2.0539999008179,-3.0432244437348
2.0559999942780,-5.3743950403671
2.0580000877380,-7.6721800151016
2.0599999427795,-9.9374532473147
2.0620000362396,-12.170870316522
2.0639998912811,-14.373305893260
2.0659999847412,-16.545086914781
2.0680000782013,-18.686926673293
2.0699999332428,-20.799256240975
2.0720000267029,-22.882576388072
2.0739998817444,-24.937312700085
2.0759999752045,-26.963914121184
2.0780000686646,-28.962807825265
2.0799999237061,-30.934546007765
2.0820000171661,-32.879513601329
2.0840001106262,-34.798141305018
2.0859999656677,-36.691083870483
2.0880000591278,-38.558789919266
2.0899999141693,-40.401845406076
2.0920000076294,-42.220860263721
2.0940001010895,-44.016545446587
2.0959999561310,-45.789444462727
2.0980000495911,-47.540265623353
2.0999999046326,-49.269886540025
2.1019999980927,-50.978912200308
2.1040000915527,-52.668318854758
2.1059999465942,-54.338764360634
2.1080000400543,-55.991070665237
2.1099998950958,-57.626218133585
2.1119999885559,-59.245026971114
2.1140000820160,-60.848372216495
2.1159999370575,-62.437074145563
2.1180000305176,-64.012061709216
2.1199998855591,-65.574207964979
2.1219999790192,-67.124333082000
2.1240000724792,-68.663201804785
2.1259999275208,-70.191688332879
2.1280000209808,-71.710613181336
2.1300001144409,-73.220631039810
2.1319999694824,-74.722398727780
2.1340000629425,-76.216680761180
2.1359999179840,-77.703967074985
2.1380000114441,-79.184862270343
2.1400001049042,-80.659908598049
2.1419999599457,-82.129438513986
2.1440000534058,-83.593995333258
2.1459999084473,-85.053743089950
2.1480000019073,-86.509065194800
2.1500000953674,-87.960234215304
2.1519999504089,-89.407524123462
2.1540000438690,-90.850770506570
2.1559998989105,-92.290191973468
2.1579999923706,-93.725897556910
2.1600000858307,-95.157778350799
2.1619999408722,-96.585725521824
2.1640000343323,-98.009847115824
2.1659998893738,-99.429979391985
2.1679999828339,-100.84590522887
2.1700000762939,-102.25751413112
2.1719999313354,-103.66458866397
2.1740000247955,-105.06707182768
2.1760001182556,-106.46463713006
2.1779999732971,-107.85712202098
2.1800000667572,-109.24430585849
2.1819999217987,-110.62613359610
2.1840000152588,-112.00222635004
2.1860001087189,-113.37247210848
2.1879999637604,-114.73687219780
2.1900000572205,-116.09504169604
2.1919999122620,-117.44709060980
2.1940000057220,-118.79280053221
2.1960000991821,-120.13211894843
2.1979999542236,-121.46526284246
2.2000000476837,-122.79190346050
2.2019999027252,-124.11237129669
2.2039999961853,-125.42655225168
2.2060000896454,-126.73467328776
2.2079999446869,-128.03694388626
2.2100000381470,-129.33331271115
2.2119998931885,-130.62432502899
2.2139999866486,-131.90998959632
2.2160000801086,-133.19072971182
2.2179999351501,-134.46682961151
2.2200000286102,-135.73855448383
2.2219998836517,-137.00639977573
2.2239999771118,-138.27058817601
2.2260000705719,-139.53166065614
2.2279999256134,-140.78983564834
2.2300000190735,-142.04571652652
2.2320001125336,-143.29952025820
2.2339999675751,-144.55168656737
2.2360000610352,-145.80264553637
2.2379999160767,-147.05278808991
2.2400000095367,-148.30244466443
2.2420001029968,-149.55182005741
2.2439999580383,-150.80147088029
2.2460000514984,-152.05145047756
2.2479999065399,-153.30203255723
2.2500000000000,-154.55354173651
2.2520000934601,-155.80597826522
2.2539999485016,-157.05961938522
2.2560000419617,-158.31462509384
2.2579998970032,-159.57072352662
2.2599999904633,-160.82829999341
2.2620000839233,-162.08707482245
2.2639999389648,-163.34699916185
2.2660000324249,-164.60796335108
2.2679998874664,-165.86990703364
2.2699999809265,-167.13261823464
2.2720000743866,-168.39571080863
2.2739999294281,-169.65913260770
2.2760000228882,-170.92244448456
2.2780001163483,-172.18548268976
2.2799999713898,-173.44770181349
2.2820000648499,-174.70893711283
2.2839999198914,-175.96875183477
2.2860000133514,-177.22676338287
2.2880001068115,-178.48253458664
2.2899999618530,-179.73579234722
2.2920000553131,179.01400981387
2.2939999103546,177.76714495897
2.2960000038147,176.52405071949
2.2980000972748,175.28505438706
2.2999999523163,174.05053847683
2.3020000457764,172.82083124915
2.3039999008179,171.59620611536
2.3059999942780,170.37693516382
2.3080000877380,169.16334705406
2.3099999427795,167.95549548701
2.3120000362396,166.75365681737
2.3139998912811,165.55799037367
2.3159999847412,164.36855427282
2.3180000782013,163.18534587987
2.3199999332428,162.00825943822
2.3220000267029,160.83761995213
2.3239998817444,159.67299014702
2.3259999752045,158.51437199856
2.3280000686646,157.36154421902
2.3299999237061,156.21429146744
2.3320000171661,155.07250494236
2.3340001106262,153.93563140069
2.3359999656677,152.80346070749
2.3380000591278,151.67565735448
2.3399999141693,150.55179096531
2.3420000076294,149.43164013690
2.3440001010895,148.31443737323
2.3459999561310,147.19997354184
2.3480000495911,146.08769123655
2.3499999046326,144.97726436269
2.3519999980927,143.86826083526
2.3540000915527,142.76023811399
2.3559999465942,141.65265439065
2.3580000400543,140.54518171614
2.3599998950958,139.43759804501
2.3619999885559,138.32935826420
2.3640000820160,137.22035671289
2.3659999370575,136.11025856825
2.3680000305176,134.99874212668
2.3699998855591,133.88590976144
2.3719999790192,132.77133165857
2.3740000724792,131.65511506510
2.3759999275208,130.53726352075
2.3780000209808,129.41765801350
2.3800001144409,128.29641262024
2.3819999694824,127.17363741861
2.3840000629425,126.04966090288
2.3859999179840,124.92448366252
2.3880000114441,123.79843339578
2.3900001049042,122.67183383220
2.3919999599457,121.54512550522
2.3940000534058,120.41841885689
2.3959999084473,119.29225650772
2.3980000019073,118.16707835795
2.4000000953674,117.04332152554
2.4019999504089,115.92131246627
2.4040000438690,114.80148839836
2.4059998989105,113.68461757370
2.4079999923706,112.57080189957
2.4100000858307,111.46070629988
2.4119999408722,110.35465257926
2.4140000343323,109.25318989721
2.4159998893738,108.15664307335
2.4179999828339,107.06534297245
2.4200000762939,105.97972624383
2.4219999313354,104.90000964602
2.4240000247955,103.82641390613
2.4260001182556,102.75926398156
2.4279999732971,101.69878172038
2.4300000667572,100.64474715585
2.4319999217987,99.597487845302
2.4340000152588,98.557113046778
2.4360001087189,97.523186533684
2.4379999637604,96.495816733059
2.4400000572205,95.474676432980
2.4419999122620,94.459655755122
2.4440000057220,93.450426958879
2.4460000991821,92.446443767723
2.4479999542236,91.447596913907
2.4500000476837,90.453230633739
2.4519999027252,89.462689241394
2.4539999961853,88.475645006330
2.4560000896454,87.491551472522
2.4579999446869,86.509643473808
2.4600000381470,85.529265373366
2.4619998931885,84.549980100466
2.4639999866486,83.571132437952
2.4660000801086,82.591847273541
2.4679999351501,81.611906407348
2.4700000286102,80.630435182265
2.4719998836517,79.646886886591
2.4739999771118,78.660826535159
2.4760000705719,77.671706992492
2.4779999256134,76.679198471834
2.4800000190735,75.682646302860
2.4820001125336,74.682051146503
2.4839999675751,73.677084554014
2.4860000610352,72.667309150519
2.4879999160767,71.652615465868
2.4900000095367,70.633222277546
2.4920001029968,69.608804668627
2.4939999580383,68.579684748923
2.4960000514984,67.545758693245
2.4979999065399,66.507134787557
2.5000000000000,65.464356169352
2.5020000934601,64.417313518616
2.5039999485016,63.366668295971
2.5060000419617,62.312742508980
2.5079998970032,61.255755324943
2.5099999904633,60.196366627222
2.5120000839233,59.135010131384
2.5139999389648,58.072123417983
2.5160000324249,57.008251487369
2.5179998874664,55.943834102574
2.5199999809265,54.879636100291
2.5220000743866,53.815876168922
2.5239999294281,52.753428830542
2.5260000228882,51.692510442032
2.5280001163483,50.633664107643
2.5299999713898,49.577225205875
2.5320000648499,48.523956679377
2.5339999198914,47.473743533457
2.5360000133514,46.427142893633
2.5380001068115,45.384365362715
2.5399999618530,44.345738595352
2.5420000553131,43.311265289484
2.5439999103546,42.281051880653
2.5460000038147,41.254995386013
2.5480000972748,40.233198434695
2.5499999523163,39.215337113024
2.5520000457764,38.201410285174
2.5539999008179,37.191198633451
2.5559999942780,36.184045008459
2.5580000877380,35.179844205028
2.5599999427795,34.177826895841
2.5620000362396,33.177777323819
2.5639998912811,32.178929503339
2.5659999847412,31.180740017800
2.5680000782013,30.182656952810
2.5699999332428,29.183701290362
2.5720000267029,28.183325110383
2.5739998817444,27.181088366251
2.5759999752045,26.175795554192
2.5780000686646,25.166894428147
2.5799999237061,24.153840336059
2.5820000171661,23.135760284354
2.5840001106262,22.112215002970
2.5859999656677,21.082332230501
2.5880000591278,20.045783922248
2.5899999141693,19.001800517318
2.5920000076294,17.950172307846
2.5940001010895,16.890234577505
2.5959999561310,15.821994100673
2.5980000495911,14.745009454145
2.5999999046326,13.658955159092
2.6019999980927,12.563830187631
2.6040000915527,11.459634030925
2.6059999465942,10.346149731588
2.6080000400543,9.2235937912118
2.6099998950958,8.0922963967862
2.6119999885559,6.9521462905095
2.6140000820160,5.8035816263713
2.6159999370575,4.6468210541875
2.6180000305176,3.4823008344796
2.6199998855591,2.3103497310642
2.6219999790192,1.1314044784610
2.6240000724792,-0.054097826163428
2.6259999275208,-1.2456107026071
2.6280000209808,-2.4426967207740
2.6300001144409,-3.6448101108168
2.6319999694824,-4.8512951422496
2.6340000629425,-6.0619323574498
2.6359999179840,-7.2758481719331
2.6380000114441,-8.4929326321226
2.6400001049042,-9.7124223887543
2.6419999599457,-10.933988431082
2.6440000534058,-12.157192715233
2.6459999084473,-13.381709460345
2.6480000019073,-14.607208678944
2.6500000953674,-15.833365286331
2.6519999504089,-17.059848223822
2.6540000438690,-18.286659788206
2.6559998989105,-19.513689496661
2.6579999923706,-20.740719294046
2.6600000858307,-21.967747469824
2.6619999408722,-23.195106604621
2.6640000343323,-24.422572318299
2.6659998893738,-25.650695863537
2.6679999828339,-26.879583154051
2.6700000762939,-28.109455437693
2.6719999313354,-29.340967792119
2.6740000247955,-30.574224098358
2.6760001182556,-31.809778270685
2.6779999732971,-33.048284985121
2.6800000667572,-34.290393945607
2.6819999217987,-35.536438368948
2.6840000152588,-36.787184521309
2.6860001087189,-38.043285040428
2.6879999637604,-39.305282274970
2.6900000572205,-40.573947727110
2.6919999122620,-41.849829387994
2.6940000057220,-43.133578441946
2.6960000991821,-44.425739562523
2.6979999542236,-45.727080366417
2.7000000476837,-47.037821461225
2.7019999027252,-48.358726903899
2.7039999961853,-49.690229689181
2.7060000896454,-51.032443145066
2.7079999446869,-52.386133310250
2.7100000381470,-53.751077119217
2.7119998931885,-55.127824890417
2.7139999866486,-56.516375605485
2.7160000801086,-57.916836638787
2.7179999351501,-59.329102246126
2.7200000286102,-60.753277663129
2.7219998836517,-62.188931173149
2.7239999771118,-63.636273042467
2.7260000705719,-65.094438375229
2.7279999256134,-66.563639410067
2.7300000190735,-68.043001911645
2.7320001125336,-69.532313282291
2.7339999675751,-71.030911346481
2.7360000610352,-72.538251322956
2.7379999160767,-74.053569124552
2.7400000095367,-75.576428721061
2.7420001029968,-77.105844276525
2.7439999580383,-78.641053080127
2.7460000514984,-80.181396570584
2.7479999065399,-81.725784247105
2.7500000000000,-83.273668805359
2.7520000934601,-84.823957965848
2.7539999485016,-86.375777376230
2.7560000419617,-87.928142458584
2.7579998970032,-89.480070758078
2.7599999904633,-91.030906231778
2.7620000839233,-92.579665174211
2.7639999389648,-94.125254811198
2.7660000324249,-95.667019555965
2.7679998874664,-97.203867271847
2.7699999809265,-98.735140725803
2.7720000743866,-100.25996707373
2.7739999294281,-101.77769062301
2.7760000228882,-103.28754331101
2.7780001163483,-104.78898401097
2.7799999713898,-106.28113447749
2.7820000648499,-107.76388572202
2.7839999198914,-109.23658558418
2.7860000133514,-110.69878985432
2.7880001068115,-112.15061448928
2.7899999618530,-113.59151423621
2.7920000553131,-115.02170022352
2.7939999103546,-116.44117798781
2.7960000038147,-117.84994444473
2.7980000972748,-119.24843977955
2.7999999523163,-120.63699002154
2.8020000457764,-122.01603293911
2.8039999008179,-123.38611215254
2.8059999942780,-124.74810958881
2.8080000877380,-126.10288890465
2.8099999427795,-127.45111280690
2.8120000362396,-128.79398459006
2.8139998912811,-130.13248320250
2.8159999847412,-131.46759375035
2.8180000782013,-132.80084588762
2.8199999332428,-134.13333471534
2.8220000267029,-135.46614820760
2.8239998817444,-136.80093221574
2.8259999752045,-138.13855707035
2.8280000686646,-139.48033534016
2.8299999237061,-140.82779148876
2.8320000171661,-142.18170402916
2.8340001106262,-143.54358616757
2.8359999656677,-144.91388676723
2.8380000591278,-146.29402326637
2.8399999141693,-147.68464865054
2.8420000076294,-149.08652794722
2.8440001010895,-150.50010636993
2.8459999561310,-151.92592181106
2.8480000495911,-153.36408670001
2.8499999046326,-154.81514784047
2.8519999980927,-156.27888314764
2.8540000915527,-157.75540659729
2.8559999465942,-159.24416865959
2.8580000400543,-160.74495311741
2.8599998950958,-162.25721106555
2.8619999885559,-163.78028776439
2.8640000820160,-165.31331254189
2.8659999370575,-166.85562286680
2.8680000305176,-168.40558384987
2.8699998855591,-169.96264914342
2.8719999790192,-171.52517762420
2.8740000724792,-173.09163968755
2.8759999275208,-174.66083534971
2.8780000209808,-176.23090429639
2.8800001144409,-177.80042727234
2.8819999694824,-179.36732731440
2.8840000629425,179.07036253558
2.8859999179840,177.51428165341
2.8880000114441,175.96672437162
2.8900001049042,174.42954980429
2.8919999599457,172.90516030819
2.8940000534058,171.39541618996
2.8959999084473,169.90260902025
2.8980000019073,168.42892752690
2.9000000953674,166.97655581197
2.9019999504089,165.54746279049
2.9040000438690,164.14394041350
2.9059998989105,162.76773896078
2.9079999923706,161.42071741888
2.9100000858307,160.10451132619
2.9119999408722,158.82065360157
2.9140000343323,157.57034979294
2.9159998893738,156.35446489792
2.9179999828339,155.17344221584
2.9200000762939,154.02772046548
2.9219999313354,152.91675007302
2.9240000247955,151.83998235879
2.9260001182556,150.79589315907
2.9279999732971,149.78283920395
2.9300000667572,148.79809055766
2.9319999217987,147.83891177963
2.9340000152588,146.90115765188
2.9360001087189,145.98088465561
2.9379999637604,145.07295718154
2.9400000572205,144.17235685505
2.9419999122620,143.27295776503
2.9440000057220,142.36875173847
2.9460000991821,141.45350720112
2.9479999542236,140.52044789378
2.9500000476837,139.56301869385
2.9519999027252,138.57466296128
2.9539999961853,137.54936940302
2.9560000896454,136.48069256772
2.9579999446869,135.36316237459
2.9600000381470,134.19142798670
2.9619998931885,132.96035619345
2.9639999866486,131.66568063820
2.9660000801086,130.30324796099
2.9679999351501,128.86934742879
2.9700000286102,127.36102143885
2.9719998836517,125.77488780953
2.9739999771118,124.10832033593
2.9760000705719,122.35826160523
2.9779999256134,120.52231046283
2.9800000190735,118.59728709587
2.9820001125336,116.57981678916
2.9839999675751,114.46595380262
2.9860000610352,112.25089587496
2.9879999160767,109.92863012123
2.9900000095367,107.49161855808
2.9920001029968,104.93002464061
2.9939999580383,102.23106332510
2.9960000514984,99.378447063359
2.9979999065399,96.349777417350
3.0000000000000,93.115437346219