frequency,refcoef
1.0000000000000,-24.447137601722
1.0019999742508,-24.446343385530
1.0039999485016,-24.448269396865
1.0060000419617,-24.452831984762
1.0080000162125,-24.459948256747
1.0099999904633,-24.469529710090
1.0119999647141,-24.481489782217
1.0140000581741,-24.495735520099
1.0160000324249,-24.512174108936
1.0180000066757,-24.530710463076
1.0199999809265,-24.551246820048
1.0219999551773,-24.573683158924
1.0240000486374,-24.597918456628
1.0260000228882,-24.623849003279
1.0279999971390,-24.651369747003
1.0299999713898,-24.680375618281
1.0319999456406,-24.710757913487
1.0340000391006,-24.742408331640
1.0360000133514,-24.775217191096
1.0379999876022,-24.809074924472
1.0399999618530,-24.843871875196
1.0420000553131,-24.879499718806
1.0440000295639,-24.915848486878
1.0460000038147,-24.952809239606
1.0479999780655,-24.990277790537
1.0499999523163,-25.028148595940
1.0520000457764,-25.066319097867
1.0540000200272,-25.104690555625
1.0559999942780,-25.143168212439
1.0579999685287,-25.181658072913
1.0599999427795,-25.220073509557
1.0620000362396,-25.258331233050
1.0640000104904,-25.296353606389
1.0659999847412,-25.334068035516
1.0679999589920,-25.371409083625
1.0700000524521,-25.408315960030
1.0720000267029,-25.444736199709
1.0740000009537,-25.480624129197
1.0759999752045,-25.515940919517
1.0779999494553,-25.550654115966
1.0800000429153,-25.584741368486
1.0820000171661,-25.618186735290
1.0839999914169,-25.650980011994
1.0859999656677,-25.683121932442
1.0880000591278,-25.714618687562
1.0900000333786,-25.745483150901
1.0920000076294,-25.775737611368
1.0939999818802,-25.805409919306
1.0959999561310,-25.834534116175
1.0980000495911,-25.863150267190
1.1000000238419,-25.891304573393
1.1019999980927,-25.919049178359
1.1039999723434,-25.946439184966
1.1059999465942,-25.973536036112
1.1080000400543,-26.000404041020
1.1100000143051,-26.027111311915
1.1119999885559,-26.053727441374
1.1139999628067,-26.080326217728
1.1160000562668,-26.106981148419
1.1180000305176,-26.133767891083
1.1200000047684,-26.160765273647
1.1219999790192,-26.188047644086
1.1239999532700,-26.215694125004
1.1260000467300,-26.243779121543
1.1280000209808,-26.272380108183
1.1299999952316,-26.301570699021
1.1319999694824,-26.331422930099
1.1339999437332,-26.362007963965
1.1360000371933,-26.393396125896
1.1380000114441,-26.425651541627
1.1399999856949,-26.458840093041
1.1419999599457,-26.493021632442
1.1440000534058,-26.528254667106
1.1460000276566,-26.564594961182
1.1480000019073,-26.602094668698
1.1499999761581,-26.640802534177
1.1519999504089,-26.680764194182
1.1540000438690,-26.722022916441
1.1560000181198,-26.764615987298
1.1579999923706,-26.808581792699
1.1599999666214,-26.853951278610
1.1619999408722,-26.900754838231
1.1640000343323,-26.949017914095
1.1660000085831,-26.998766015678
1.1679999828339,-27.050015863477
1.1699999570847,-27.102788729026
1.1720000505447,-27.157095649594
1.1740000247955,-27.212950618335
1.1759999990463,-27.270363628161
1.1779999732971,-27.329338718024
1.1799999475479,-27.389881185929
1.1820000410080,-27.451994105439
1.1840000152588,-27.515676156739
1.1859999895096,-27.580927682028
1.1879999637604,-27.647741697540
1.1900000572205,-27.716115662299
1.1920000314713,-27.786042396030
1.1940000057220,-27.857512001704
1.1959999799728,-27.930515442137
1.1979999542236,-28.005044571368
1.2000000476837,-28.081086016345
1.2020000219345,-28.158627051753
1.2039999961853,-28.237655596687
1.2059999704361,-28.318159516415
1.2079999446869,-28.400122795644
1.2100000381470,-28.483534475720
1.2120000123978,-28.568378731559
1.2139999866486,-28.654643804908
1.2159999608994,-28.742313376298
1.2180000543594,-28.831376614386
1.2200000286102,-28.921818519181
1.2220000028610,-29.013628268592
1.2239999771118,-29.106794349174
1.2259999513626,-29.201305346236
1.2280000448227,-29.297149152246
1.2300000190735,-29.394318790591
1.2319999933243,-29.492803405056
1.2339999675751,-29.592596560940
1.2359999418259,-29.693690568809
1.2380000352859,-29.796080051296
1.2400000095367,-29.899758080426
1.2419999837875,-30.004721964318
1.2439999580383,-30.110966027674
1.2460000514984,-30.218489915433
1.2480000257492,-30.327288820241
1.2500000000000,-30.437362509779
1.2519999742508,-30.548709436057
1.2539999485016,-30.661329177286
1.2560000419617,-30.775221230568
1.2580000162125,-30.890384910601
1.2599999904633,-31.006819565828
1.2619999647141,-31.124524718295
1.2640000581741,-31.243499786326
1.2660000324249,-31.363742484827
1.2680000066757,-31.485251873873
1.2699999809265,-31.608023405423
1.2719999551773,-31.732053726609
1.2740000486374,-31.857336854059
1.2760000228882,-31.983865051631
1.2779999971390,-32.111630787928
1.2799999713898,-32.240621464375
1.2819999456406,-32.370824762001
1.2840000391006,-32.502224100587
1.2860000133514,-32.634802165049
1.2879999876022,-32.768537595389
1.2899999618530,-32.903405216330
1.2920000553131,-33.039378953417
1.2940000295639,-33.176425611244
1.2960000038147,-33.314514180458
1.2979999780655,-33.453603081317
1.2999999523163,-33.593651588661
1.3020000457764,-33.734614095645
1.3040000200272,-33.876439591240
1.3059999942780,-34.019075301995
1.3079999685287,-34.162462344347
1.3099999427795,-34.306537122202
1.3120000362396,-34.451235507167
1.3140000104904,-34.596485226580
1.3159999847412,-34.742215416118
1.3179999589920,-34.888347169483
1.3200000524521,-35.034799098943
1.3220000267029,-35.181488633849
1.3240000009537,-35.328328561754
1.3259999752045,-35.475231757161
1.3279999494553,-35.622107493540
1.3300000429153,-35.768862317125
1.3320000171661,-35.915404996451
1.3339999914169,-36.061641613587
1.3359999656677,-36.207480656043
1.3380000591278,-36.352831016004
1.3400000333786,-36.497600826147
1.3420000076294,-36.641703133284
1.3439999818802,-36.785053700969
1.3459999561310,-36.927571487200
1.3480000495911,-37.069177865801
1.3500000238419,-37.209802957190
1.3519999980927,-37.349378200520
1.3539999723434,-37.487844919726
1.3559999465942,-37.625147483473
1.3580000400543,-37.761239707088
1.3600000143051,-37.896081248880
1.3619999885559,-38.029639399485
1.3639999628067,-38.161890066612
1.3660000562668,-38.292815691644
1.3680000305176,-38.422405596481
1.3700000047684,-38.550658808514
1.3719999790192,-38.677579658388
1.3739999532700,-38.803178298101
1.3760000467300,-38.927474903056
1.3780000209808,-39.050489956876
1.3799999952316,-39.172254030467
1.3819999694824,-39.292797844148
1.3839999437332,-39.412157687153
1.3860000371933,-39.530371802780
1.3880000114441,-39.647479676685
1.3899999856949,-39.763523074957
1.3919999599457,-39.878540731026
1.3940000534058,-39.992572363173
1.3960000276566,-40.105653411237
1.3980000019073,-40.217820225573
1.3999999761581,-40.329100450865
1.4019999504089,-40.439517936102
1.4040000438690,-40.549095670238
1.4060000181198,-40.657842270011
1.4079999923706,-40.765766895015
1.4099999666214,-40.872867631509
1.4119999408722,-40.979135712143
1.4140000343323,-41.084555824849
1.4160000085831,-41.189101298515
1.4179999828339,-41.292741525623
1.4199999570847,-41.395434035094
1.4220000505447,-41.497130751503
1.4240000247955,-41.597774329676
1.4259999990463,-41.697306398457
1.4279999732971,-41.795653609391
1.4299999475479,-41.892744723031
1.4320000410080,-41.988500240194
1.4340000152588,-42.082840107080
1.4359999895096,-42.175677527767
1.4379999637604,-42.266931194246
1.4400000572205,-42.356514648078
1.4420000314713,-42.444347217042
1.4440000057220,-42.530350792389
1.4459999799728,-42.614449608040
1.4479999542236,-42.696577551409
1.4500000476837,-42.776674746085
1.4520000219345,-42.854690957576
1.4539999961853,-42.930586353768
1.4559999704361,-43.004331812388
1.4579999446869,-43.075911230558
1.4600000381470,-43.145321957678
1.4620000123978,-43.212574442146
1.4639999866486,-43.277694577164
1.4659999608994,-43.340721974674
1.4680000543594,-43.401709712145
1.4700000286102,-43.460726690673
1.4720000028610,-43.517854093634
1.4739999771118,-43.573187109125
1.4759999513626,-43.626831556413
1.4780000448227,-43.678905518086
1.4800000190735,-43.729536975495
1.4819999933243,-43.778860951784
1.4839999675751,-43.827019296991
1.4859999418259,-43.874161419584
1.4880000352859,-43.920440188892
1.4900000095367,-43.966008664906
1.4919999837875,-44.011024728579
1.4939999580383,-44.055642295656
1.4960000514984,-44.100013300685
1.4980000257492,-44.144289926588
1.5000000000000,-44.188616865554
1.5019999742508,-44.233131400046
1.5039999485016,-44.277967482628
1.5060000419617,-44.323248103181
1.5080000162125,-44.369088190626
1.5099999904633,-44.415593158116
1.5119999647141,-44.462856087448
1.5140000581741,-44.510962599214
1.5160000324249,-44.559982513496
1.5180000066757,-44.609975619949
1.5199999809265,-44.660990199481
1.5219999551773,-44.713058604182
1.5240000486374,-44.766204501231
1.5260000228882,-44.820436699598
1.5279999971390,-44.875750209401
1.5299999713898,-44.932130530069
1.5319999456406,-44.989548406883
1.5340000391006,-45.047963855773
1.5360000133514,-45.107325115485
1.5379999876022,-45.167569486006
1.5399999618530,-45.228624289566
1.5420000553131,-45.290406616618
1.5440000295639,-45.352825343015
1.5460000038147,-45.415781957542
1.5479999780655,-45.479169147964
1.5499999523163,-45.542876711104
1.5520000457764,-45.606786762094
1.5540000200272,-45.670780922045
1.5559999942780,-45.734735954205
1.5579999685287,-45.798531156380
1.5599999427795,-45.862043951695
1.5620000362396,-45.925153943817
1.5640000104904,-45.987746352152
1.5659999847412,-46.049708240497
1.5679999589920,-46.110936044427
1.5700000524521,-46.171330721469
1.5720000267029,-46.230803704522
1.5740000009537,-46.289275913102
1.5759999752045,-46.346676868377
1.5779999494553,-46.402951403762
1.5800000429153,-46.458051212208
1.5820000171661,-46.511943959739
1.5839999914169,-46.564608065085
1.5859999656677,-46.616034519405
1.5880000591278,-46.666227809292
1.5900000333786,-46.715200272562
1.5920000076294,-46.762976811166
1.5939999818802,-46.809595145430
1.5959999561310,-46.855097704617
1.5980000495911,-46.899535580540
1.6000000238419,-46.942967966506
1.6019999980927,-46.985456288419
1.6039999723434,-47.027067748023
1.6059999465942,-47.067866670246
1.6080000400543,-47.107922584797
1.6100000143051,-47.147298597929
1.6119999885559,-47.186057870295
1.6139999628067,-47.224256237574
1.6160000562668,-47.261941227648
1.6180000305176,-47.299155439046
1.6200000047684,-47.335932138395
1.6219999790192,-47.372287720508
1.6239999532700,-47.408233753965
1.6260000467300,-47.443763988915
1.6280000209808,-47.478860641616
1.6299999952316,-47.513491127868
1.6319999694824,-47.547605835343
1.6339999437332,-47.581141864397
1.6360000371933,-47.614022479967
1.6380000114441,-47.646151737076
1.6399999856949,-47.677424192168
1.6419999599457,-47.707717053029
1.6440000534058,-47.736894404253
1.6460000276566,-47.764813629927
1.6480000019073,-47.791314792101
1.6499999761581,-47.816237497703
1.6519999504089,-47.839408572733
1.6540000438690,-47.860654342157
1.6560000181198,-47.879797961586
1.6579999923706,-47.896667261363
1.6599999666214,-47.911088387951
1.6619999408722,-47.922898725028
1.6640000343323,-47.931941284611
1.6660000085831,-47.938073159755
1.6679999828339,-47.941167715499
1.6699999570847,-47.941113286823
1.6720000505447,-47.937817822795
1.6740000247955,-47.931213305753
1.6759999990463,-47.921253597314
1.6779999732971,-47.907915326446
1.6799999475479,-47.891204098460
1.6820000410080,-47.871147202872
1.6840000152588,-47.847801187031
1.6859999895096,-47.821244418788
1.6879999637604,-47.791579625750
1.6900000572205,-47.758934682304
1.6920000314713,-47.723453991113
1.6940000057220,-47.685302898204
1.6959999799728,-47.644662144127
1.6979999542236,-47.601729021138
1.7000000476837,-47.556705757294
1.7020000219345,-47.509806863126
1.7039999961853,-47.461251912956
1.7059999704361,-47.411264332097
1.7079999446869,-47.360064505414
1.7100000381470,-47.307873027573
1.7120000123978,-47.254905873514
1.7139999866486,-47.201371417186
1.7159999608994,-47.147471798388
1.7180000543594,-47.093396869594
1.7200000286102,-47.039325881128
1.7220000028610,-46.985425463573
1.7239999771118,-46.931849377332
1.7259999513626,-46.878734785800
1.7280000448227,-46.826206292086
1.7300000190735,-46.774371167646
1.7319999933243,-46.723320297876
1.7339999675751,-46.673130890598
1.7359999418259,-46.623860166027
1.7380000352859,-46.575555357361
1.7400000095367,-46.528241913900
1.7419999837875,-46.481933221288
1.7439999580383,-46.436625667187
1.7460000514984,-46.392304149121
1.7480000257492,-46.348935851538
1.7500000000000,-46.306478099084
1.7519999742508,-46.264873063576
1.7539999485016,-46.224051610061
1.7560000419617,-46.183934642485
1.7580000162125,-46.144432758751
1.7599999904633,-46.105447622655
1.7619999647141,-46.066872634989
1.7640000581741,-46.028594945556
1.7660000324249,-45.990496080654
1.7680000066757,-45.952452379682
1.7699999809265,-45.914339541828
1.7719999551773,-45.876028752829
1.7740000486374,-45.837393512709
1.7760000228882,-45.798305574442
1.7779999971390,-45.758642790783
1.7799999713898,-45.718283724913
1.7819999456406,-45.677112769484
1.7840000391006,-45.635023714473
1.7860000133514,-45.591913870461
1.7879999876022,-45.547691287158
1.7899999618530,-45.502275198055
1.7920000553131,-45.455593457306
1.7940000295639,-45.407585983336
1.7960000038147,-45.358207187999
1.7979999780655,-45.307421863176
1.7999999523163,-45.255209931699
1.8020000457764,-45.201562023559
1.8040000200272,-45.146485155557
1.8059999942780,-45.089998267927
1.8079999685287,-45.032131495353
1.8099999427795,-44.972932013144
1.8120000362396,-44.912454657737
1.8140000104904,-44.850767261386
1.8159999847412,-44.787949743794
1.8179999589920,-44.724087383476
1.8200000524521,-44.659279740450
1.8220000267029,-44.593629278190
1.8240000009537,-44.527247862619
1.8259999752045,-44.460252697855
1.8279999494553,-44.392766021280
1.8300000429153,-44.324913008272
1.8320000171661,-44.256821753084
1.8339999914169,-44.188623716402
1.8359999656677,-44.120449396412
1.8380000591278,-44.052432488595
1.8400000333786,-43.984702475557
1.8420000076294,-43.917392636941
1.8439999818802,-43.850632953213
1.8459999561310,-43.784548311938
1.8480000495911,-43.719267856772
1.8500000238419,-43.654911401189
1.8519999980927,-43.591602420721
1.8539999723434,-43.529456409124
1.8559999465942,-43.468588293067
1.8580000400543,-43.409109791872
1.8600000143051,-43.351128839017
1.8619999885559,-43.294751561508
1.8639999628067,-43.240081117350
1.8660000562668,-43.187216363725
1.8680000305176,-43.136254780426
1.8700000047684,-43.087293301908
1.8719999790192,-43.040423710350
1.8739999532700,-42.995737986529
1.8760000467300,-42.953325497815
1.8780000209808,-42.913274231959
1.8799999952316,-42.875673555948
1.8819999694824,-42.840609060616
1.8839999437332,-42.808167335210
1.8860000371933,-42.778435955610
1.8880000114441,-42.751500040926
1.8899999856949,-42.727449003263
1.8919999599457,-42.706369972158
1.8940000534058,-42.688351761187
1.8960000276566,-42.673487656051
1.8980000019073,-42.661867801672
1.8999999761581,-42.653588551467
1.9019999504089,-42.648746982299
1.9040000438690,-42.647443169736
1.9060000181198,-42.649780920251
1.9079999923706,-42.655866238181
1.9099999666214,-42.665809478205
1.9119999408722,-42.679724903689
1.9140000343323,-42.697730753554
1.9160000085831,-42.719951247891
1.9179999828339,-42.746513623376
1.9199999570847,-42.777553238935
1.9220000505447,-42.813207655575
1.9240000247955,-42.853623887365
1.9259999990463,-42.898954122594
1.9279999732971,-42.949357522227
1.9299999475479,-43.005001706522
1.9320000410080,-43.066061679324
1.9340000152588,-43.132721160093
1.9359999895096,-43.205174660437
1.9379999637604,-43.283623927151
1.9400000572205,-43.368283865945
1.9420000314713,-43.459381000284
1.9440000057220,-43.557151314761
1.9459999799728,-43.661849447220
1.9479999542236,-43.773738424635
1.9500000476837,-43.893102005905
1.9520000219345,-44.020238295795
1.9539999961853,-44.155464796402
1.9559999704361,-44.299116864243
1.9579999446869,-44.451554039556
1.9600000381470,-44.613156383857
1.9620000123978,-44.784329924640
1.9639999866486,-44.965508582709
1.9659999608994,-45.157153123306
1.9680000543594,-45.359757048152
1.9700000286102,-45.573848256647
1.9720000028610,-45.799985154438
1.9739999771118,-46.038769181478
1.9759999513626,-46.290835469101
1.9780000448227,-46.556859455805
1.9800000190735,-46.837557791386
1.9819999933243,-47.133677907152
1.9839999675751,-47.446001509612
1.9859999418259,-47.775331690401
1.9880000352859,-48.122473449499
1.9900000095367,-48.488214798825
1.9919999837875,-48.873284262347
1.9939999580383,-49.278292155155
1.9960000514984,-49.703643649029
1.9980000257492,-50.149410487334
2.0000000000000,-50.615141156337
2.0020000934601,-51.099591702335
2.0039999485016,-51.600344998830
2.0060000419617,-52.113294024060
2.0079998970032,-52.631958342893
2.0099999904633,-53.146674853484
2.0120000839233,-53.643747841063
2.0139999389648,-54.104845410815
2.0160000324249,-54.507142561223
2.0179998874664,-54.824873165224
2.0199999809265,-55.032808204184
2.0220000743866,-55.111330740767
2.0239999294281,-55.051467238531
2.0260000228882,-54.857506800435
2.0280001163483,-54.545731494839
2.0299999713898,-54.139991993063
2.0320000648499,-53.666395046014
2.0339999198914,-53.149143372267
2.0360000133514,-52.608308074944
2.0380001068115,-52.059259746281
2.0399999618530,-51.513065015762
2.0420000553131,-50.977292069403
2.0439999103546,-50.456856670474
2.0460000038147,-49.954751623231
2.0480000972748,-49.472625240208
2.0499999523163,-49.011211916138
2.0520000457764,-48.570632593393
2.0539999008179,-48.150616324881
2.0559999942780,-47.750639344219
2.0580000877380,-47.370040561337
2.0599999427795,-47.008072474842
2.0620000362396,-46.663960778516
2.0639998912811,-46.336923977426
2.0659999847412,-46.026197391835
2.0680000782013,-45.731042950668
2.0699999332428,-45.450757035369
2.0720000267029,-45.184671590253
2.0739998817444,-44.932155823707
2.0759999752045,-44.692619006636
2.0780000686646,-44.465502973204
2.0799999237061,-44.250286045391
2.0820000171661,-44.046478697032
2.0840001106262,-43.853621422643
2.0859999656677,-43.671281280431
2.0880000591278,-43.499051647262
2.0899999141693,-43.336550331582
2.0920000076294,-43.183414297213
2.0940001010895,-43.039300163018
2.0959999561310,-42.903882194301
2.0980000495911,-42.776852219320
2.0999999046326,-42.657911438638
2.1019999980927,-42.546777833166
2.1040000915527,-42.443178361393
2.1059999465942,-42.346849529064
2.1080000400543,-42.257536626396
2.1099998950958,-42.174992178832
2.1119999885559,-42.098975430292
2.1140000820160,-42.029250030822
2.1159999370575,-41.965584697159
2.1180000305176,-41.907750347411
2.1199998855591,-41.855520911470
2.1219999790192,-41.808672042079
2.1240000724792,-41.766982866723
2.1259999275208,-41.730228362160
2.1280000209808,-41.698189496558
2.1300001144409,-41.670640496287
2.1319999694824,-41.647360029994
2.1340000629425,-41.628123894192
2.1359999179840,-41.612703483795
2.1380000114441,-41.600874442445
2.1400001049042,-41.592404445226
2.1419999599457,-41.587065618293
2.1440000534058,-41.584624020230
2.1459999084473,-41.584847664402
2.1480000019073,-41.587500787030
2.1500000953674,-41.592347953713
2.1519999504089,-41.599156603459
2.1540000438690,-41.607689776121
2.1559998989105,-41.617716150162
2.1579999923706,-41.629004879570
2.1600000858307,-41.641327223379
2.1619999408722,-41.654461685480
2.1640000343323,-41.668190402290
2.1659998893738,-41.682300611371
2.1679999828339,-41.696589960400
2.1700000762939,-41.710862567535
2.1719999313354,-41.724935273677
2.1740000247955,-41.738634029566
2.1760001182556,-41.751798819563
2.1779999732971,-41.764281985593
2.1800000667572,-41.775952558092
2.1819999217987,-41.786693656231
2.1840000152588,-41.796403825151
2.1860001087189,-41.805002387933
2.1879999637604,-41.812420324833
2.1900000572205,-41.818610722782
2.1919999122620,-41.823542183774
2.1940000057220,-41.827198947661
2.1960000991821,-41.829585988515
2.1979999542236,-41.830723013767
2.2000000476837,-41.830644050855
2.2019999027252,-41.829396820474
2.2039999961853,-41.827045969447
2.2060000896454,-41.823665601794
2.2079999446869,-41.819341817652
2.2100000381470,-41.814170411809
2.2119998931885,-41.808253607390
2.2139999866486,-41.801702448003
2.2160000801086,-41.794630687883
2.2179999351501,-41.787156907857
2.2200000286102,-41.779402886286
2.2219998836517,-41.771488520950
2.2239999771118,-41.763534810210
2.2260000705719,-41.755659889022
2.2279999256134,-41.747980807315
2.2300000190735,-41.740607574692
2.2320001125336,-41.733647201378
2.2339999675751,-41.727199787674
2.2360000610352,-41.721359412383
2.2379999160767,-41.716211817185
2.2400000095367,-41.711835048750
2.2420001029968,-41.708300753581
2.2439999580383,-41.705667953505
2.2460000514984,-41.703988367176
2.2479999065399,-41.703305647459
2.2500000000000,-41.703652561809
2.2520000934601,-41.705052648148
2.2539999485016,-41.707520619283
2.2560000419617,-41.711059315509
2.2579998970032,-41.715665664952
2.2599999904633,-41.721326109137
2.2620000839233,-41.728016301916
2.2639999389648,-41.735708901863
2.2660000324249,-41.744360250530
2.2679998874664,-41.753927740949
2.2699999809265,-41.764356287659
2.2720000743866,-41.775586676129
2.2739999294281,-41.787550141976
2.2760000228882,-41.800176189444
2.2780001163483,-41.813390107580
2.2799999713898,-41.827110279774
2.2820000648499,-41.841251900993
2.2839999198914,-41.855731298605
2.2860000133514,-41.870459189929
2.2880001068115,-41.885347814526
2.2899999618530,-41.900311155653
2.2920000553131,-41.915258394209
2.2939999103546,-41.930105865552
2.2960000038147,-41.944770772409
2.2980000972748,-41.959173380792
2.2999999523163,-41.973239173865
2.3020000457764,-41.986897639534
2.3039999008179,-42.000084882421
2.3059999942780,-42.012743035412
2.3080000877380,-42.024819120255
2.3099999427795,-42.036273424976
2.3120000362396,-42.047067448335
2.3139998912811,-42.057174444637
2.3159999847412,-42.066573147646
2.3180000782013,-42.075255497825
2.3199999332428,-42.083217687959
2.3220000267029,-42.090464007856
2.3239998817444,-42.097010588293
2.3259999752045,-42.102877022066
2.3280000686646,-42.108094332708
2.3299999237061,-42.112695058457
2.3320000171661,-42.116725119049
2.3340001106262,-42.120228984228
2.3359999656677,-42.123259846002
2.3380000591278,-42.125876705776
2.3399999141693,-42.128138846110
2.3420000076294,-42.130109246706
2.3440001010895,-42.131852264894
2.3459999561310,-42.133435581944
2.3480000495911,-42.134924504473
2.3499999046326,-42.136386658639
2.3519999980927,-42.137884413854
2.3540000915527,-42.139482068372
2.3559999465942,-42.141238486284
2.3580000400543,-42.143212679535
2.3599998950958,-42.145455924370
2.3619999885559,-42.148017189903
2.3640000820160,-42.150939457612
2.3659999370575,-42.154262223706
2.3680000305176,-42.158018314457
2.3699998855591,-42.162232941924
2.3719999790192,-42.166928329938
2.3740000724792,-42.172116832618
2.3759999275208,-42.177807049707
2.3780000209808,-42.184000318876
2.3800001144409,-42.190689735810
2.3819999694824,-42.197864914504
2.3840000629425,-42.205506549402
2.3859999179840,-42.213590683576
2.3880000114441,-42.222087200683
2.3900001049042,-42.230959056486
2.3919999599457,-42.240166790404
2.3940000534058,-42.249663552089
2.3959999084473,-42.259398154968
2.3980000019073,-42.269318372656
2.4000000953674,-42.279365227988
2.4019999504089,-42.289479810222
2.4040000438690,-42.299599803849
2.4059998989105,-42.309661219734
2.4079999923706,-42.319600319704
2.4100000858307,-42.329353463615
2.4119999408722,-42.338856525792
2.4140000343323,-42.348048218263
2.4159998893738,-42.356867951986
2.4179999828339,-42.365259945331
2.4200000762939,-42.373169507639
2.4219999313354,-42.380547710648
2.4240000247955,-42.387349256943
2.4260001182556,-42.393535884150
2.4279999732971,-42.399072350514
2.4300000667572,-42.403932687225
2.4319999217987,-42.408093944204
2.4340000152588,-42.411541666202
2.4360001087189,-42.414268320983
2.4379999637604,-42.416274017783
2.4400000572205,-42.417563249367
2.4419999122620,-42.418149763580
2.4440000057220,-42.418053546194
2.4460000991821,-42.417299831431
2.4479999542236,-42.415920788987
2.4500000476837,-42.413954663470
2.4519999027252,-42.411443360717
2.4539999961853,-42.408435093434
2.4560000896454,-42.404982321123
2.4579999446869,-42.401138713353
2.4600000381470,-42.396963529878
2.4619998931885,-42.392516582630
2.4639999866486,-42.387858560404
2.4660000801086,-42.383053864496
2.4679999351501,-42.378163688414
2.4700000286102,-42.373251225715
2.4719998836517,-42.368375993569
2.4739999771118,-42.363598082995
2.4760000705719,-42.358973741269
2.4779999256134,-42.354556296540
2.4800000190735,-42.350396256998
2.4820001125336,-42.346539959966
2.4839999675751,-42.343028084068
2.4860000610352,-42.339897948082
2.4879999160767,-42.337181773289
2.4900000095367,-42.334905484368
2.4920001029968,-42.333089439655
2.4939999580383,-42.331748494936
2.4960000514984,-42.330891570999
2.4979999065399,-42.330521531537
2.5000000000000,-42.330634933139
2.5020000934601,-42.331223049995
2.5039999485016,-42.332269760134
2.5060000419617,-42.333755473894
2.5079998970032,-42.335653177045
2.5099999904633,-42.337931687480
2.5120000839233,-42.340553334088
2.5139999389648,-42.343478738420
2.5160000324249,-42.346660980571
2.5179998874664,-42.350051989221
2.5199999809265,-42.353599013158
2.5220000743866,-42.357246648755
2.5239999294281,-42.360937597360
2.5260000228882,-42.364613206235
2.5280001163483,-42.368211950946
2.5299999713898,-42.371676870031
2.5320000648499,-42.374945217973
2.5339999198914,-42.377958800327
2.5360000133514,-42.380660611050
2.5380001068115,-42.382993694310
2.5399999618530,-42.384907243464
2.5420000553131,-42.386350291244
2.5439999103546,-42.387279980334
2.5460000038147,-42.387652956629
2.5480000972748,-42.387434270898
2.5499999523163,-42.386594062703
2.5520000457764,-42.385107499422
2.5539999008179,-42.382955215497
2.5559999942780,-42.380122784094
2.5580000877380,-42.376606081734
2.5599999427795,-42.372402767770
2.5620000362396,-42.367520117572
2.5639998912811,-42.361969555315
2.5659999847412,-42.355768966732
2.5680000782013,-42.348941999566
2.5699999332428,-42.341517209255
2.5720000267029,-42.333529361221
2.5739998817444,-42.325016305797
2.5759999752045,-42.316020218676
2.5780000686646,-42.306587009067
2.5799999237061,-42.296764630262
2.5820000171661,-42.286605715547
2.5840001106262,-42.276160952269
2.5859999656677,-42.265484043924
2.5880000591278,-42.254627784292
2.5899999141693,-42.243646228706
2.5920000076294,-42.232590660656
2.5940001010895,-42.221511532043
2.5959999561310,-42.210457570843
2.5980000495911,-42.199473098319
2.5999999046326,-42.188600548278
2.6019999980927,-42.177876931484
2.6040000915527,-42.167336231086
2.6059999465942,-42.157007777627
2.6080000400543,-42.146914950457
2.6099998950958,-42.137074062290
2.6119999885559,-42.127499585299
2.6140000820160,-42.118196186820
2.6159999370575,-42.109165704560
2.6180000305176,-42.100400149074
2.6199998855591,-42.091887379864
2.6219999790192,-42.083608954300
2.6240000724792,-42.075540645481
2.6259999275208,-42.067650354266
2.6280000209808,-42.059900647740
2.6300001144409,-42.052249948361
2.6319999694824,-42.044649144670
2.6340000629425,-42.037045178626
2.6359999179840,-42.029379403338
2.6380000114441,-42.021592001861
2.6400001049042,-42.013615003528
2.6419999599457,-42.005380055616
2.6440000534058,-41.996817395132
2.6459999084473,-41.987853601095
2.6480000019073,-41.978413772942
2.6500000953674,-41.968424106326
2.6519999504089,-41.957810651650
2.6540000438690,-41.946500464756
2.6559998989105,-41.934422013475
2.6579999923706,-41.921508334857
2.6600000858307,-41.907693609767
2.6619999408722,-41.892918622054
2.6640000343323,-41.877126017378
2.6659998893738,-41.860266001599
2.6679999828339,-41.842294899009
2.6700000762939,-41.823175429308
2.6719999313354,-41.802876698617
2.6740000247955,-41.781377219725
2.6760001182556,-41.758660207309
2.6779999732971,-41.734721911859
2.6800000667572,-41.709560507118
2.6819999217987,-41.683187344773
2.6840000152588,-41.655621572104
2.6860001087189,-41.626887760683
2.6879999637604,-41.597019297743
2.6900000572205,-41.566058490871
2.6919999122620,-41.534054382693
2.6940000057220,-41.501062067978
2.6960000991821,-41.467142772697
2.6979999542236,-41.432363227309
2.7000000476837,-41.396795748282
2.7019999027252,-41.360516205357
2.7039999961853,-41.323606998539
2.7060000896454,-41.286148838350
2.7079999446869,-41.248228086760
2.7100000381470,-41.209932608103
2.7119998931885,-41.171350319163
2.7139999866486,-41.132568992709
2.7160000801086,-41.093679288856
2.7179999351501,-41.054768127296
2.7200000286102,-41.015921279055
2.7219998836517,-40.977223559617
2.7239999771118,-40.938758932073
2.7260000705719,-40.900607464761
2.7279999256134,-40.862845191881
2.7300000190735,-40.825545630555
2.7320001125336,-40.788780954335
2.7339999675751,-40.752616030322
2.7360000610352,-40.717115172516
2.7379999160767,-40.682335909397
2.7400000095367,-40.648333621253
2.7420001029968,-40.615159799281
2.7439999580383,-40.582858780030
2.7460000514984,-40.551474751217
2.7479999065399,-40.521045908816
2.7500000000000,-40.491606405868
2.7520000934601,-40.463187930576
2.7539999485016,-40.435815514417
2.7560000419617,-40.409514076664
2.7579998970032,-40.384304149848
2.7599999904633,-40.360203533390
2.7620000839233,-40.337223692131
2.7639999389648,-40.315378353933
2.7660000324249,-40.294676837125
2.7679998874664,-40.275127359077
2.7699999809265,-40.256731483066
2.7720000743866,-40.239495913136
2.7739999294281,-40.223420701013
2.7760000228882,-40.208510326581
2.7780001163483,-40.194762011282
2.7799999713898,-40.182177083661
2.7820000648499,-40.170754169834
2.7839999198914,-40.160494129199
2.7860000133514,-40.151394875311
2.7880001068115,-40.143458259851
2.7899999618530,-40.136684264200
2.7920000553131,-40.131074874908
2.7939999103546,-40.126632896018
2.7960000038147,-40.123363044007
2.7980000972748,-40.121270271415
2.7999999523163,-40.120361769805
2.8020000457764,-40.120648036374
2.8039999008179,-40.122138531727
2.8059999942780,-40.124845604822
2.8080000877380,-40.128786533083
2.8099999427795,-40.133976494437
2.8120000362396,-40.140433482274
2.8139998912811,-40.148182083781
2.8159999847412,-40.157242729098
2.8180000782013,-40.167642490604
2.8199999332428,-40.179409377746
2.8220000267029,-40.192572059754
2.8239998817444,-40.207162015983
2.8259999752045,-40.223213911488
2.8280000686646,-40.240762568167
2.8299999237061,-40.259844375186
2.8320000171661,-40.280497917685
2.8340001106262,-40.302763608766
2.8359999656677,-40.326680503733
2.8380000591278,-40.352291734604
2.8399999141693,-40.379639976673
2.8420000076294,-40.408769449194
2.8440001010895,-40.439721903287
2.8459999561310,-40.472543393586
2.8480000495911,-40.507276615781
2.8499999046326,-40.543966858504
2.8519999980927,-40.582657756475
2.8540000915527,-40.623391439754
2.8559999465942,-40.666211891398
2.8580000400543,-40.711159060127
2.8599998950958,-40.758274783751
2.8619999885559,-40.807596812585
2.8640000820160,-40.859163542803
2.8659999370575,-40.913010964661
2.8680000305176,-40.969172251978
2.8699998855591,-41.027678711423
2.8719999790192,-41.088562017382
2.8740000724792,-41.151846338722
2.8759999275208,-41.217558125434
2.8780000209808,-41.285718280374
2.8800001144409,-41.356344123100
2.8819999694824,-41.429452653731
2.8840000629425,-41.505055487067
2.8859999179840,-41.583159459570
2.8880000114441,-41.663771644387
2.8900001049042,-41.746891494084
2.8919999599457,-41.832517769336
2.8940000534058,-41.920641047533
2.8959999084473,-42.011254363137
2.8980000019073,-42.104337824484
2.9000000953674,-42.199875220054
2.9019999504089,-42.297840440479
2.9040000438690,-42.398205872485
2.9059998989105,-42.500938149733
2.9079999923706,-42.606000036196
2.9100000858307,-42.713349352635
2.9119999408722,-42.822938408508
2.9140000343323,-42.934717965805
2.9159998893738,-43.048630702543
2.9179999828339,-43.164617654706
2.9200000762939,-43.282615489784
2.9219999313354,-43.402554903610
2.9240000247955,-43.524366842529
2.9260001182556,-43.647975635741
2.9279999732971,-43.773302227214
2.9300000667572,-43.900269124790
2.9319999217987,-44.028792526155
2.9340000152588,-44.158788175932
2.9360001087189,-44.290172123341
2.9379999637604,-44.422857847370
2.9400000572205,-44.556762024311
2.9419999122620,-44.691798513116
2.9440000057220,-44.827884712687
2.9460000991821,-44.964942118429
2.9479999542236,-45.102893200034
2.9500000476837,-45.241664480529
2.9519999027252,-45.381189952159
2.9539999961853,-45.521407536311
2.9560000896454,-45.662262008135
2.9579999446869,-45.803706321046
2.9600000381470,-45.945701870547
2.9619998931885,-46.088218769971
2.9639999866486,-46.231238670117
2.9660000801086,-46.374752848154
2.9679999351501,-46.518763717656
2.9700000286102,-46.663284311100
2.9719998836517,-46.808343012877
2.9739999771118,-46.953978223270
2.9760000705719,-47.100241664362
2.9779999256134,-47.247198903353
2.9800000190735,-47.394924318325
2.9820001125336,-47.543510079545
2.9839999675751,-47.693058499163
2.9860000610352,-47.843683360510
2.9879999160767,-47.995510491717
2.9900000095367,-48.148676067450
2.9920001029968,-48.303327920759
2.9939999580383,-48.459622187448
2.9960000514984,-48.617725430211
2.9979999065399,-48.777811241957
3.0000000000000,-48.940060794793