frequency,refcoef
1.0000000000000,-19.150168440274
1.0019999742508,-19.192576647480
1.0039999485016,-19.236307715043
1.0060000419617,-19.281082881161
1.0080000162125,-19.326619234487
1.0099999904633,-19.372629920253
1.0119999647141,-19.418830039256
1.0140000581741,-19.464933776837
1.0160000324249,-19.510664270093
1.0180000066757,-19.555747725612
1.0199999809265,-19.599927366931
1.0219999551773,-19.642958114448
1.0240000486374,-19.684613274219
1.0260000228882,-19.724685826371
1.0279999971390,-19.762993767506
1.0299999713898,-19.799381062761
1.0319999456406,-19.833717440949
1.0340000391006,-19.865904032143
1.0360000133514,-19.895869824023
1.0379999876022,-19.923575386830
1.0399999618530,-19.949012620000
1.0420000553131,-19.972200715022
1.0440000295639,-19.993188027653
1.0460000038147,-20.012047963504
1.0479999780655,-20.028877512719
1.0499999523163,-20.043794169207
1.0520000457764,-20.056933150951
1.0540000200272,-20.068441311818
1.0559999942780,-20.078478602791
1.0579999685287,-20.087207275414
1.0599999427795,-20.094795826968
1.0620000362396,-20.101408701430
1.0640000104904,-20.107207280032
1.0659999847412,-20.112345135282
1.0679999589920,-20.116964855950
1.0700000524521,-20.121195553300
1.0720000267029,-20.125150264720
1.0740000009537,-20.128926873437
1.0759999752045,-20.132601421003
1.0779999494553,-20.136232526377
1.0800000429153,-20.139856399027
1.0820000171661,-20.143488480941
1.0839999914169,-20.147126233415
1.0859999656677,-20.150741392801
1.0880000591278,-20.154291651174
1.0900000333786,-20.157714800784
1.0920000076294,-20.160930402132
1.0939999818802,-20.163846483680
1.0959999561310,-20.166355057289
1.0980000495911,-20.168340402650
1.1000000238419,-20.169679970429
1.1019999980927,-20.170244454258
1.1039999723434,-20.169903682087
1.1059999465942,-20.168530810631
1.1080000400543,-20.166000540113
1.1100000143051,-20.162196694202
1.1119999885559,-20.157012029693
1.1139999628067,-20.150354190634
1.1160000562668,-20.142144331455
1.1180000305176,-20.132320237458
1.1200000047684,-20.120840610192
1.1219999790192,-20.107683154882
1.1239999532700,-20.092845342676
1.1260000467300,-20.076350714468
1.1280000209808,-20.058237433678
1.1299999952316,-20.038569662058
1.1319999694824,-20.017429015287
1.1339999437332,-19.994915596915
1.1360000371933,-19.971145601159
1.1380000114441,-19.946252117855
1.1399999856949,-19.920378127377
1.1419999599457,-19.893677984994
1.1440000534058,-19.866311597780
1.1460000276566,-19.838445213814
1.1480000019073,-19.810248534233
1.1499999761581,-19.781886642853
1.1519999504089,-19.753527208186
1.1540000438690,-19.725329710069
1.1560000181198,-19.697447808841
1.1579999923706,-19.670026910817
1.1599999666214,-19.643202494295
1.1619999408722,-19.617098720220
1.1640000343323,-19.591827269474
1.1660000085831,-19.567487138457
1.1679999828339,-19.544161440660
1.1699999570847,-19.521923113780
1.1720000505447,-19.500828384622
1.1740000247955,-19.480921397314
1.1759999990463,-19.462231430907
1.1779999732971,-19.444776667089
1.1799999475479,-19.428562615869
1.1820000410080,-19.413584271783
1.1840000152588,-19.399826842425
1.1859999895096,-19.387264148754
1.1879999637604,-19.375868023393
1.1900000572205,-19.365599814234
1.1920000314713,-19.356418479851
1.1940000057220,-19.348279427546
1.1959999799728,-19.341136187256
1.1979999542236,-19.334944508538
1.2000000476837,-19.329659287676
1.2020000219345,-19.325239319621
1.2039999961853,-19.321648820525
1.2059999704361,-19.318855414747
1.2079999446869,-19.316834981004
1.2100000381470,-19.315572426748
1.2120000123978,-19.315057758236
1.2139999866486,-19.315293036421
1.2159999608994,-19.316288788111
1.2180000543594,-19.318065636566
1.2200000286102,-19.320653541196
1.2220000028610,-19.324093186372
1.2239999771118,-19.328435074263
1.2259999513626,-19.333736684843
1.2280000448227,-19.340065394118
1.2300000190735,-19.347497772762
1.2319999933243,-19.356111764560
1.2339999675751,-19.365997506036
1.2359999418259,-19.377243674426
1.2380000352859,-19.389945549516
1.2400000095367,-19.404198888361
1.2419999837875,-19.420101518525
1.2439999580383,-19.437748721740
1.2460000514984,-19.457235124770
1.2480000257492,-19.478652077838
1.2500000000000,-19.502086940158
1.2519999742508,-19.527619542410
1.2539999485016,-19.555326529040
1.2560000419617,-19.585274296396
1.2580000162125,-19.617522284944
1.2599999904633,-19.652120591317
1.2619999647141,-19.689108737527
1.2640000581741,-19.728516101590
1.2660000324249,-19.770363771967
1.2680000066757,-19.814657356447
1.2699999809265,-19.861394122041
1.2719999551773,-19.910559948806
1.2740000486374,-19.962127951974
1.2760000228882,-20.016061685501
1.2779999971390,-20.072312491971
1.2799999713898,-20.130822894187
1.2819999456406,-20.191524151526
1.2840000391006,-20.254339215047
1.2860000133514,-20.319183618756
1.2879999876022,-20.385964358246
1.2899999618530,-20.454582315225
1.2920000553131,-20.524934412363
1.2940000295639,-20.596914070359
1.2960000038147,-20.670411253168
1.2979999780655,-20.745315152262
1.2999999523163,-20.821516896312
1.3020000457764,-20.898908585936
1.3040000200272,-20.977386765926
1.3059999942780,-21.056851731255
1.3079999685287,-21.137211279537
1.3099999427795,-21.218381284407
1.3120000362396,-21.300287113258
1.3140000104904,-21.382860671907
1.3159999847412,-21.466049711022
1.3179999589920,-21.549811587083
1.3200000524521,-21.634114854356
1.3220000267029,-21.718941759020
1.3240000009537,-21.804284530057
1.3259999752045,-21.890151679851
1.3279999494553,-21.976560394370
1.3300000429153,-22.063538270812
1.3320000171661,-22.151124349413
1.3339999914169,-22.239366061025
1.3359999656677,-22.328317741928
1.3380000591278,-22.418039457905
1.3400000333786,-22.508597082308
1.3420000076294,-22.600054066000
1.3439999818802,-22.692478764459
1.3459999561310,-22.785937349963
1.3480000495911,-22.880491034954
1.3500000238419,-22.976196225513
1.3519999980927,-23.073104001186
1.3539999723434,-23.171253873279
1.3559999465942,-23.270676259938
1.3580000400543,-23.371388412381
1.3600000143051,-23.473397307724
1.3619999885559,-23.576693057750
1.3639999628067,-23.681251737514
1.3660000562668,-23.787032140311
1.3680000305176,-23.893979822316
1.3700000047684,-24.002019829318
1.3719999790192,-24.111067459036
1.3739999532700,-24.221016815796
1.3760000467300,-24.331750351967
1.3780000209808,-24.443139135641
1.3799999952316,-24.555038332761
1.3819999694824,-24.667298066957
1.3839999437332,-24.779758077991
1.3860000371933,-24.892254737512
1.3880000114441,-25.004622391628
1.3899999856949,-25.116695314895
1.3919999599457,-25.228312351881
1.3940000534058,-25.339321964970
1.3960000276566,-25.449578284906
1.3980000019073,-25.558952034256
1.3999999761581,-25.667332356258
1.4019999504089,-25.774623048118
1.4040000438690,-25.880752569018
1.4060000181198,-25.985671660477
1.4079999923706,-26.089356170306
1.4099999666214,-26.191808462724
1.4119999408722,-26.293055230446
1.4140000343323,-26.393148406661
1.4160000085831,-26.492165557250
1.4179999828339,-26.590207649899
1.4199999570847,-26.687392771784
1.4220000505447,-26.783860141929
1.4240000247955,-26.879763286966
1.4259999990463,-26.975264936592
1.4279999732971,-27.070536853334
1.4299999475479,-27.165754232537
1.4320000410080,-27.261090363351
1.4340000152588,-27.356713903760
1.4359999895096,-27.452786115486
1.4379999637604,-27.549455516137
1.4400000572205,-27.646852092619
1.4420000314713,-27.745088127296
1.4440000057220,-27.844254066032
1.4459999799728,-27.944412675807
1.4479999542236,-28.045599815973
1.4500000476837,-28.147824093715
1.4520000219345,-28.251061832456
1.4539999961853,-28.355257879764
1.4559999704361,-28.460328377766
1.4579999446869,-28.566155743813
1.4600000381470,-28.672594230487
1.4620000123978,-28.779471441488
1.4639999866486,-28.886586657790
1.4659999608994,-28.993723105145
1.4680000543594,-29.100638593860
1.4700000286102,-29.207082863749
1.4720000028610,-29.312795468005
1.4739999771118,-29.417514583762
1.4759999513626,-29.520980544930
1.4780000448227,-29.622943421472
1.4800000190735,-29.723169308432
1.4819999933243,-29.821449532242
1.4839999675751,-29.917598565613
1.4859999418259,-30.011469433707
1.4880000352859,-30.102950070108
1.4900000095367,-30.191972743848
1.4919999837875,-30.278514530293
1.4939999580383,-30.362596925630
1.4960000514984,-30.444289430491
1.4980000257492,-30.523704700468
1.5000000000000,-30.600999703883
1.5019999742508,-30.676367467756
1.5039999485016,-30.750037947840
1.5060000419617,-30.822267880072
1.5080000162125,-30.893333827783
1.5099999904633,-30.963530253873
1.5119999647141,-31.033155947567
1.5140000581741,-31.102512546884
1.5160000324249,-31.171890713585
1.5180000066757,-31.241569003783
1.5199999809265,-31.311805135814
1.5219999551773,-31.382828719448
1.5240000486374,-31.454835003547
1.5260000228882,-31.527984104780
1.5279999971390,-31.602390849604
1.5299999713898,-31.678128155299
1.5319999456406,-31.755215564945
1.5340000391006,-31.833627541501
1.5360000133514,-31.913282815746
1.5379999876022,-31.994051695466
1.5399999618530,-32.075754088486
1.5420000553131,-32.158161837485
1.5440000295639,-32.241000623685
1.5460000038147,-32.323957022616
1.5479999780655,-32.406684608494
1.5499999523163,-32.488804412768
1.5520000457764,-32.569920549225
1.5540000200272,-32.649626567594
1.5559999942780,-32.727512251199
1.5579999685287,-32.803179724413
1.5599999427795,-32.876246999746
1.5620000362396,-32.946368960378
1.5640000104904,-33.013236537296
1.5659999847412,-33.076596132498
1.5679999589920,-33.136251130182
1.5700000524521,-33.192073000469
1.5720000267029,-33.244003264590
1.5740000009537,-33.292058465159
1.5759999752045,-33.336328809879
1.5779999494553,-33.376977014531
1.5800000429153,-33.414232223547
1.5820000171661,-33.448383015638
1.5839999914169,-33.479771969860
1.5859999656677,-33.508782260190
1.5880000591278,-33.535827316534
1.5900000333786,-33.561343557880
1.5920000076294,-33.585768517522
1.5939999818802,-33.609542915540
1.5959999561310,-33.633086897166
1.5980000495911,-33.656798915197
1.6000000238419,-33.681039384089
1.6019999980927,-33.706128042640
1.6039999723434,-33.732332145872
1.6059999465942,-33.759863770893
1.6080000400543,-33.788874213883
1.6100000143051,-33.819446801508
1.6119999885559,-33.851600718923
1.6139999628067,-33.885286180984
1.6160000562668,-33.920380418537
1.6180000305176,-33.956699410902
1.6200000047684,-33.993991724552
1.6219999790192,-34.031944501912
1.6239999532700,-34.070191173760
1.6260000467300,-34.108318455423
1.6280000209808,-34.145874163286
1.6299999952316,-34.182373733789
1.6319999694824,-34.217320193562
1.6339999437332,-34.250209140586
1.6360000371933,-34.280547578298
1.6380000114441,-34.307863056345
1.6399999856949,-34.331724152244
1.6419999599457,-34.351748518446
1.6440000534058,-34.367619525057
1.6460000276566,-34.379095057102
1.6480000019073,-34.386014950830
1.6499999761581,-34.388312977357
1.6519999504089,-34.386010689312
1.6540000438690,-34.379227137253
1.6560000181198,-34.368165956445
1.6579999923706,-34.353115682703
1.6599999666214,-34.334437513888
1.6619999408722,-34.312556174121
1.6640000343323,-34.287942712459
1.6660000085831,-34.261106621127
1.6679999828339,-34.232576280896
1.6699999570847,-34.202888393312
1.6720000505447,-34.172572571055
1.6740000247955,-34.142138413606
1.6759999990463,-34.112064935765
1.6779999732971,-34.082789800115
1.6799999475479,-34.054700972639
1.6820000410080,-34.028128689841
1.6840000152588,-34.003342085074
1.6859999895096,-33.980539523887
1.6879999637604,-33.959853400350
1.6900000572205,-33.941340228321
1.6920000314713,-33.924985374890
1.6940000057220,-33.910701653925
1.6959999799728,-33.898331502697
1.6979999542236,-33.887649708163
1.7000000476837,-33.878368571588
1.7020000219345,-33.870142103831
1.7039999961853,-33.862574062121
1.7059999704361,-33.855226641066
1.7079999446869,-33.847628478801
1.7100000381470,-33.839285005761
1.7120000123978,-33.829691759870
1.7139999866486,-33.818350541764
1.7159999608994,-33.804774247924
1.7180000543594,-33.788507620982
1.7200000286102,-33.769139057217
1.7220000028610,-33.746310167627
1.7239999771118,-33.719730141804
1.7259999513626,-33.689185967405
1.7280000448227,-33.654543149402
1.7300000190735,-33.615759993569
1.7319999933243,-33.572876878811
1.7339999675751,-33.526027505983
1.7359999418259,-33.475423586474
1.7380000352859,-33.421353511539
1.7400000095367,-33.364175986182
1.7419999837875,-33.304298881194
1.7439999580383,-33.242178399299
1.7460000514984,-33.178297592199
1.7480000257492,-33.113159437518
1.7500000000000,-33.047268298631
1.7519999742508,-32.981122662465
1.7539999485016,-32.915198342951
1.7560000419617,-32.849945702449
1.7580000162125,-32.785774911345
1.7599999904633,-32.723048090900
1.7619999647141,-32.662077698402
1.7640000581741,-32.603119156212
1.7660000324249,-32.546364284373
1.7680000066757,-32.491943217922
1.7699999809265,-32.439923867058
1.7719999551773,-32.390303978112
1.7740000486374,-32.343020598674
1.7760000228882,-32.297945611291
1.7779999971390,-32.254892798659
1.7799999713898,-32.213617941863
1.7819999456406,-32.173825756620
1.7840000391006,-32.135172264473
1.7860000133514,-32.097277170216
1.7879999876022,-32.059725392596
1.7899999618530,-32.022081212491
1.7920000553131,-31.983894042204
1.7940000295639,-31.944710536203
1.7960000038147,-31.904085884934
1.7979999780655,-31.861595783001
1.7999999523163,-31.816844158076
1.8020000457764,-31.769477518133
1.8040000200272,-31.719193061615
1.8059999942780,-31.665750572924
1.8079999685287,-31.608974415045
1.8099999427795,-31.548761755621
1.8120000362396,-31.485087056873
1.8140000104904,-31.417998542033
1.8159999847412,-31.347619955195
1.8179999589920,-31.274144566797
1.8200000524521,-31.197829107471
1.8220000267029,-31.118989653295
1.8240000009537,-31.037987707001
1.8259999752045,-30.955221544008
1.8279999494553,-30.871115965647
1.8300000429153,-30.786110929896
1.8320000171661,-30.700653652637
1.8339999914169,-30.615180337796
1.8359999656677,-30.530117326070
1.8380000591278,-30.445863541571
1.8400000333786,-30.362787178887
1.8420000076294,-30.281218934218
1.8439999818802,-30.201444040746
1.8459999561310,-30.123700289430
1.8480000495911,-30.048172625964
1.8500000238419,-29.974990999037
1.8519999980927,-29.904229897292
1.8539999723434,-29.835906192504
1.8559999465942,-29.769978708220
1.8580000400543,-29.706350283020
1.8600000143051,-29.644870141876
1.8619999885559,-29.585333919778
1.8639999628067,-29.527490490183
1.8660000562668,-29.471043405294
1.8680000305176,-29.415657581062
1.8700000047684,-29.360968081856
1.8719999790192,-29.306579532286
1.8739999532700,-29.252086557425
1.8760000467300,-29.197073790748
1.8780000209808,-29.141126097614
1.8799999952316,-29.083843775082
1.8819999694824,-29.024852844176
1.8839999437332,-28.963808572749
1.8860000371933,-28.900414392549
1.8880000114441,-28.834425546375
1.8899999856949,-28.765663141504
1.8919999599457,-28.694017073010
1.8940000534058,-28.619449495724
1.8960000276566,-28.542004024458
1.8980000019073,-28.461803514906
1.8999999761581,-28.379048535082
1.9019999504089,-28.294018762079
1.9040000438690,-28.207060239405
1.9060000181198,-28.118588558773
1.9079999923706,-28.029076874732
1.9099999666214,-27.939044891840
1.9119999408722,-27.849056514627
1.9140000343323,-27.759705031871
1.9160000085831,-27.671605717532
1.9179999828339,-27.585391814522
1.9199999570847,-27.501700699934
1.9220000505447,-27.421171727600
1.9240000247955,-27.344436763937
1.9259999990463,-27.272120049468
1.9279999732971,-27.204829726019
1.9299999475479,-27.143157118724
1.9320000410080,-27.087675791411
1.9340000152588,-27.038937306738
1.9359999895096,-26.997475060731
1.9379999637604,-26.963802850749
1.9400000572205,-26.938409368485
1.9420000314713,-26.921773431994
1.9440000057220,-26.914351269625
1.9459999799728,-26.916586786547
1.9479999542236,-26.928911621274
1.9500000476837,-26.951746202827
1.9520000219345,-26.985504746292
1.9539999961853,-27.030596520785
1.9559999704361,-27.087428781589
1.9579999446869,-27.156408787207
1.9600000381470,-27.237950143374
1.9620000123978,-27.332473931784
1.9639999866486,-27.440408642647
1.9659999608994,-27.562203123462
1.9680000543594,-27.698320956669
1.9700000286102,-27.849249373234
1.9720000028610,-28.015502035584
1.9739999771118,-28.197627829139
1.9759999513626,-28.396209723116
1.9780000448227,-28.611878135252
1.9800000190735,-28.845309608236
1.9819999933243,-29.097243672353
1.9839999675751,-29.368481948687
1.9859999418259,-29.659905027569
1.9880000352859,-29.972479957467
1.9900000095367,-30.307273295035
1.9919999837875,-30.665464424530
1.9939999580383,-31.048364579459
1.9960000514984,-31.457430527599
1.9980000257492,-31.894287936453
2.0000000000000,-32.360754120372
2.0020000934601,-32.858853529616
2.0039999485016,-33.390847314629
2.0060000419617,-33.959243940422
2.0079998970032,-34.566806486523
2.0099999904633,-35.216531648716
2.0120000839233,-35.911575484650
2.0139999389648,-36.655092287104
2.0160000324249,-37.449894271268
2.0179998874664,-38.297786374402
2.0199999809265,-39.198333649857
2.0220000743866,-40.146601763281
2.0239999294281,-41.129266338904
2.0260000228882,-42.118401665077
2.0280001163483,-43.063269212891
2.0299999713898,-43.884068031283
2.0320000648499,-44.478722543046
2.0339999198914,-44.755684079499
2.0360000133514,-44.682818667752
2.0380001068115,-44.308400879727
2.0399999618530,-43.730174072047
2.0420000553131,-43.047001366270
2.0439999103546,-42.332114397836
2.0460000038147,-41.630411945655
2.0480000972748,-40.965795433567
2.0499999523163,-40.349087690575
2.0520000457764,-39.783714698602
2.0539999008179,-39.269175591792
2.0559999942780,-38.803023027137
2.0580000877380,-38.381952714353
2.0599999427795,-38.002361420985
2.0620000362396,-37.660652088270
2.0639998912811,-37.353356479938
2.0659999847412,-37.077201154503
2.0680000782013,-36.829110417366
2.0699999332428,-36.606206006330
2.0720000267029,-36.405786770080
2.0739998817444,-36.225310547419
2.0759999752045,-36.062376806784
2.0780000686646,-35.914713317956
2.0799999237061,-35.780167496255
2.0820000171661,-35.656698113054
2.0840001106262,-35.542377709890
2.0859999656677,-35.435394600740
2.0880000591278,-35.334061286742
2.0899999141693,-35.236825716363
2.0920000076294,-35.142282806450
2.0940001010895,-35.049182380985
2.0959999561310,-34.956449124799
2.0980000495911,-34.863186164937
2.0999999046326,-34.768684604299
2.1019999980927,-34.672426784319
2.1040000915527,-34.574083030898
2.1059999465942,-34.473504112442
2.1080000400543,-34.370709597563
2.1099998950958,-34.265876110145
2.1119999885559,-34.159308119843
2.1140000820160,-34.051428173763
2.1159999370575,-33.942742616822
2.1180000305176,-33.833825181499
2.1199998855591,-33.725290161149
2.1219999790192,-33.617770986138
2.1240000724792,-33.511905963328
2.1259999275208,-33.408310892471
2.1280000209808,-33.307576206915
2.1300001144409,-33.210248113805
2.1319999694824,-33.116822243499
2.1340000629425,-33.027734494710
2.1359999179840,-32.943358901963
2.1380000114441,-32.864001287663
2.1400001049042,-32.789901310010
2.1419999599457,-32.721228055742
2.1440000534058,-32.658083063712
2.1459999084473,-32.600499312152
2.1480000019073,-32.548446100731
2.1500000953674,-32.501826174416
2.1519999504089,-32.460484186941
2.1540000438690,-32.424204408151
2.1559998989105,-32.392718560073
2.1579999923706,-32.365706427618
2.1600000858307,-32.342802786208
2.1619999408722,-32.323600864724
2.1640000343323,-32.307659208951
2.1659998893738,-32.294506894508
2.1679999828339,-32.283652686926
2.1700000762939,-32.274588159005
2.1719999313354,-32.266801010637
2.1740000247955,-32.259783548415
2.1760001182556,-32.253036983536
2.1779999732971,-32.246087542693
2.1800000667572,-32.238490597646
2.1819999217987,-32.229841449743
2.1840000152588,-32.219786265799
2.1860001087189,-32.208027851117
2.1879999637604,-32.194327146184
2.1900000572205,-32.178515914448
2.1919999122620,-32.160495110833
2.1940000057220,-32.140235060848
2.1960000991821,-32.117776746674
2.1979999542236,-32.093228631402
2.2000000476837,-32.066761110312
2.2019999027252,-32.038600398715
2.2039999961853,-32.009022617789
2.2060000896454,-31.978344246127
2.2079999446869,-31.946912094473
2.2100000381470,-31.915096809348
2.2119998931885,-31.883281465049
2.2139999866486,-31.851852861410
2.2160000801086,-31.821191955303
2.2179999351501,-31.791670776222
2.2200000286102,-31.763638718437
2.2219998836517,-31.737420348977
2.2239999771118,-31.713309925293
2.2260000705719,-31.691564342025
2.2279999256134,-31.672401316084
2.2300000190735,-31.655998357798
2.2320001125336,-31.642486243675
2.2339999675751,-31.631952522977
2.2360000610352,-31.624435028192
2.2379999160767,-31.619927943266
2.2400000095367,-31.618379534499
2.2420001029968,-31.619691879667
2.2439999580383,-31.623723857798
2.2460000514984,-31.630296581803
2.2479999065399,-31.639188709196
2.2500000000000,-31.650147966835
2.2520000934601,-31.662891074796
2.2539999485016,-31.677107860629
2.2560000419617,-31.692469667857
2.2579998970032,-31.708632406705
2.2599999904633,-31.725244345982
2.2620000839233,-31.741951349098
2.2639999389648,-31.758406754297
2.2660000324249,-31.774274496219
2.2679998874664,-31.789242010740
2.2699999809265,-31.803019138959
2.2720000743866,-31.815354085884
2.2739999294281,-31.826030689850
2.2760000228882,-31.834879361655
2.2780001163483,-31.841777113702
2.2799999713898,-31.846654076775
2.2820000648499,-31.849489077687
2.2839999198914,-31.850316907543
2.2860000133514,-31.849220517051
2.2880001068115,-31.846331483481
2.2899999618530,-31.841827014131
2.2920000553131,-31.835921632312
2.2939999103546,-31.828863371022
2.2960000038147,-31.820927658222
2.2980000972748,-31.812410831169
2.2999999523163,-31.803619957224
2.3020000457764,-31.794868949001
2.3039999008179,-31.786470967124
2.3059999942780,-31.778732359169
2.3080000877380,-31.771942778105
2.3099999427795,-31.766375868581
2.3120000362396,-31.762279917967
2.3139998912811,-31.759875282386
2.3159999847412,-31.759348692909
2.3180000782013,-31.760853873796
2.3199999332428,-31.764507139737
2.3220000267029,-31.770384096242
2.3239998817444,-31.778522615887
2.3259999752045,-31.788918663702
2.3280000686646,-31.801529731292
2.3299999237061,-31.816272827058
2.3320000171661,-31.833028284041
2.3340001106262,-31.851640169366
2.3359999656677,-31.871917813834
2.3380000591278,-31.893642325251
2.3399999141693,-31.916568795494
2.3420000076294,-31.940429316743
2.3440001010895,-31.964941016276
2.3459999561310,-31.989807539839
2.3480000495911,-32.014727959092
2.3499999046326,-32.039402191492
2.3519999980927,-32.063538016783
2.3540000915527,-32.086855007785
2.3559999465942,-32.109096308192
2.3580000400543,-32.130027183633
2.3599998950958,-32.149447392978
2.3619999885559,-32.167192322907
2.3640000820160,-32.183140796560
2.3659999370575,-32.197211329972
2.3680000305176,-32.209372801506
2.3699998855591,-32.219639123451
2.3719999790192,-32.228071238956
2.3740000724792,-32.234774423650
2.3759999275208,-32.239896097252
2.3780000209808,-32.243622880159
2.3800001144409,-32.246173282712
2.3819999694824,-32.247794596560
2.3840000629425,-32.248757205460
2.3859999179840,-32.249345850678
2.3880000114441,-32.249853415874
2.3900001049042,-32.250578270259
2.3919999599457,-32.251813175719
2.3940000534058,-32.253841303972
2.3959999084473,-32.256932514801
2.3980000019073,-32.261333058202
2.4000000953674,-32.267267925914
2.4019999504089,-32.274932059837
2.4040000438690,-32.284486178346
2.4059998989105,-32.296059789787
2.4079999923706,-32.309741865219
2.4100000858307,-32.325584093291
2.4119999408722,-32.343599793603
2.4140000343323,-32.363760257151
2.4159998893738,-32.385997794502
2.4179999828339,-32.410206378215
2.4200000762939,-32.436241139791
2.4219999313354,-32.463923286295
2.4240000247955,-32.493039696007
2.4260001182556,-32.523351557390
2.4279999732971,-32.554588618506
2.4300000667572,-32.586466275363
2.4319999217987,-32.618680539298
2.4340000152588,-32.650920337092
2.4360001087189,-32.682868682057
2.4379999637604,-32.714215386422
2.4400000572205,-32.744655863644
2.4419999122620,-32.773906157771
2.4440000057220,-32.801704291891
2.4460000991821,-32.827819094981
2.4479999542236,-32.852054075667
2.4500000476837,-32.874254270733
2.4519999027252,-32.894309558559
2.4539999961853,-32.912156282571
2.4560000896454,-32.927780790683
2.4579999446869,-32.941218725651
2.4600000381470,-32.952556738090
2.4619998931885,-32.961923818486
2.4639999866486,-32.969492724116
2.4660000801086,-32.975476065316
2.4679999351501,-32.980117020411
2.4700000286102,-32.983685441786
2.4719998836517,-32.986470611792
2.4739999771118,-32.988776332758
2.4760000705719,-32.990908201642
2.4779999256134,-32.993173458829
2.4800000190735,-32.995870771052
2.4820001125336,-32.999282926339
2.4839999675751,-33.003673840723
2.4860000610352,-33.009281765054
2.4879999160767,-33.016314663589
2.4900000095367,-33.024947719728
2.4920001029968,-33.035315552870
2.4939999580383,-33.047517029686
2.4960000514984,-33.061605953611
2.4979999065399,-33.077596044184
2.5000000000000,-33.095452318806
2.5020000934601,-33.115101376925
2.5039999485016,-33.136424030818
2.5060000419617,-33.159261316829
2.5079998970032,-33.183412482608
2.5099999904633,-33.208642422977
2.5120000839233,-33.234683730008
2.5139999389648,-33.261240390399
2.5160000324249,-33.287994063577
2.5179998874664,-33.314608092664
2.5199999809265,-33.340737994867
2.5220000743866,-33.366036032159
2.5239999294281,-33.390156673899
2.5260000228882,-33.412768213879
2.5280001163483,-33.433561382833
2.5299999713898,-33.452251992681
2.5320000648499,-33.468592415513
2.5339999198914,-33.482375823787
2.5360000133514,-33.493444864704
2.5380001068115,-33.501691440587
2.5399999618530,-33.507063299203
2.5420000553131,-33.509562590585
2.5439999103546,-33.509250448227
2.5460000038147,-33.506240211581
2.5480000972748,-33.500696929969
2.5499999523163,-33.492830832145
2.5520000457764,-33.482896503086
2.5539999008179,-33.471179090566
2.5559999942780,-33.457992337116
2.5580000877380,-33.443669613376
2.5599999427795,-33.428554108719
2.5620000362396,-33.412994927616
2.5639998912811,-33.397333450385
2.5659999847412,-33.381902309838
2.5680000782013,-33.367015307462
2.5699999332428,-33.352960300787
2.5720000267029,-33.340001450591
2.5739998817444,-33.328362026160
2.5759999752045,-33.318232628259
2.5780000686646,-33.309760880955
2.5799999237061,-33.303053806642
2.5820000171661,-33.298171815504
2.5840001106262,-33.295130689589
2.5859999656677,-33.293902018680
2.5880000591278,-33.294412316981
2.5899999141693,-33.296546087262
2.5920000076294,-33.300143422959
2.5940001010895,-33.305007793360
2.5959999561310,-33.310908006972
2.5980000495911,-33.317582749327
2.5999999046326,-33.324739909017
2.6019999980927,-33.332073012473
2.6040000915527,-33.339257152687
2.6059999465942,-33.345961315683
2.6080000400543,-33.351853468077
2.6099998950958,-33.356608633581
2.6119999885559,-33.359916606634
2.6140000820160,-33.361489573522
2.6159999370575,-33.361067907449
2.6180000305176,-33.358430014857
2.6199998855591,-33.353395423041
2.6219999790192,-33.345831688841
2.6240000724792,-33.335656716167
2.6259999275208,-33.322840777461
2.6280000209808,-33.307411015584
2.6300001144409,-33.289448179548
2.6319999694824,-33.269083800616
2.6340000629425,-33.246499910760
2.6359999179840,-33.221924171697
2.6380000114441,-33.195622095623
2.6400001049042,-33.167893436788
2.6419999599457,-33.139062992610
2.6440000534058,-33.109476608166
2.6459999084473,-33.079493034222
2.6480000019073,-33.049472701453
2.6500000953674,-33.019776256790
2.6519999504089,-32.990757855002
2.6540000438690,-32.962755222470
2.6559998989105,-32.936086228591
2.6579999923706,-32.911046813308
2.6600000858307,-32.887906094172
2.6619999408722,-32.866897603810
2.6640000343323,-32.848226109058
2.6659998893738,-32.832055628922
2.6679999828339,-32.818516315999
2.6700000762939,-32.807700272347
2.6719999313354,-32.799657993185
2.6740000247955,-32.794404112859
2.6760001182556,-32.791913940108
2.6779999732971,-32.792126797628
2.6800000667572,-32.794945631594
2.6819999217987,-32.800239168792
2.6840000152588,-32.807847313491
2.6860001087189,-32.817579745497
2.6879999637604,-32.829220948278
2.6900000572205,-32.842534766336
2.6919999122620,-32.857267639017
2.6940000057220,-32.873154268821
2.6960000991821,-32.889918604302
2.6979999542236,-32.907285088737
2.7000000476837,-32.924981051992
2.7019999027252,-32.942741862656
2.7039999961853,-32.960316382160
2.7060000896454,-32.977474986795
2.7079999446869,-32.994012059846
2.7100000381470,-33.009753108446
2.7119998931885,-33.024557571348
2.7139999866486,-33.038322841972
2.7160000801086,-33.050986012152
2.7179999351501,-33.062528270706
2.7200000286102,-33.072974941973
2.7219998836517,-33.082393825324
2.7239999771118,-33.090895739660
2.7260000705719,-33.098630150106
2.7279999256134,-33.105784838376
2.7300000190735,-33.112581875455
2.7320001125336,-33.119271604894
2.7339999675751,-33.126129121518
2.7360000610352,-33.133448370790
2.7379999160767,-33.141538073298
2.7400000095367,-33.150709907159
2.7420001029968,-33.161286982934
2.7439999580383,-33.173583547093
2.7460000514984,-33.187907354891
2.7479999065399,-33.204556261205
2.7500000000000,-33.223808239229
2.7520000934601,-33.245923721285
2.7539999485016,-33.271136907547
2.7560000419617,-33.299655934619
2.7579998970032,-33.331659837556
2.7599999904633,-33.367291245293
2.7620000839233,-33.406662573434
2.7639999389648,-33.449845786521
2.7660000324249,-33.496877993056
2.7679998874664,-33.547754849916
2.7699999809265,-33.602431741950
2.7720000743866,-33.660823561761
2.7739999294281,-33.722805067019
2.7760000228882,-33.788206173242
2.7780001163483,-33.856821203309
2.7799999713898,-33.928399693180
2.7820000648499,-34.002655803316
2.7839999198914,-34.079267655890
2.7860000133514,-34.157877099137
2.7880001068115,-34.238100129025
2.7899999618530,-34.319524052450
2.7920000553131,-34.401717775200
2.7939999103546,-34.484235403388
2.7960000038147,-34.566624016926
2.7980000972748,-34.648430637966
2.7999999523163,-34.729212515131
2.8020000457764,-34.808542658911
2.8039999008179,-34.886022875642
2.8059999942780,-34.961289652636
2.8080000877380,-35.034025068398
2.8099999427795,-35.103962280274
2.8120000362396,-35.170895742256
2.8139998912811,-35.234684407174
2.8159999847412,-35.295258905642
2.8180000782013,-35.352621098281
2.8199999332428,-35.406844757882
2.8220000267029,-35.458078841367
2.8239998817444,-35.506535543951
2.8259999752045,-35.552495917070
2.8280000686646,-35.596295054535
2.8299999237061,-35.638318031555
2.8320000171661,-35.678993316859
2.8340001106262,-35.718777857459
2.8359999656677,-35.758152706563
2.8380000591278,-35.797613455234
2.8399999141693,-35.837659562898
2.8420000076294,-35.878785031936
2.8440001010895,-35.921472249470
2.8459999561310,-35.966184148948
2.8480000495911,-36.013358919870
2.8499999046326,-36.063400452816
2.8519999980927,-36.116676169598
2.8540000915527,-36.173512383913
2.8559999465942,-36.234191257536
2.8580000400543,-36.298943303301
2.8599998950958,-36.367949247767
2.8619999885559,-36.441333995846
2.8640000820160,-36.519165050814
2.8659999370575,-36.601450861980
2.8680000305176,-36.688136791406
2.8699998855591,-36.779105953642
2.8719999790192,-36.874174925894
2.8740000724792,-36.973094926139
2.8759999275208,-37.075547957858
2.8780000209808,-37.181148605791
2.8800001144409,-37.289442991805
2.8819999694824,-37.399912967987
2.8840000629425,-37.511974396703
2.8859999179840,-37.624985536078
2.8880000114441,-37.738249872892
2.8900001049042,-37.851028518115
2.8919999599457,-37.962542686175
2.8940000534058,-38.071996968293
2.8959999084473,-38.178586028216
2.8980000019073,-38.281513988671
2.9000000953674,-38.380016080889
2.9019999504089,-38.473375615240
2.9040000438690,-38.560948213820
2.9059998989105,-38.642176882037
2.9079999923706,-38.716617416983
2.9100000858307,-38.783947817787
2.9119999408722,-38.843988140009
2.9140000343323,-38.896701356019
2.9159998893738,-38.942204460991
2.9179999828339,-38.980759931156
2.9200000762939,-39.012773410230
2.9219999313354,-39.038782549789
2.9240000247955,-39.059437733253
2.9260001182556,-39.075490928948
2.9279999732971,-39.087769999417
2.9300000667572,-39.097162854770
2.9319999217987,-39.104594148339
2.9340000152588,-39.111008699123
2.9360001087189,-39.117353022324
2.9379999637604,-39.124559847530
2.9400000572205,-39.133536146545
2.9419999122620,-39.145149648246
2.9440000057220,-39.160221599359
2.9460000991821,-39.179521538703
2.9479999542236,-39.203758140363
2.9500000476837,-39.233578539557
2.9519999027252,-39.269563798083
2.9539999961853,-39.312227553103
2.9560000896454,-39.362011387036
2.9579999446869,-39.419285937690
2.9600000381470,-39.484347222189
2.9619998931885,-39.557413047799
2.9639999866486,-39.638618277447
2.9660000801086,-39.728014099237
2.9679999351501,-39.825558716246
2.9700000286102,-39.931111898443
2.9719998836517,-40.044427676306
2.9739999771118,-40.165144928595
2.9760000705719,-40.292776852420
2.9779999256134,-40.426700296212
2.9800000190735,-40.566149266089
2.9820001125336,-40.710198583907
2.9839999675751,-40.857760720831
2.9860000610352,-41.007582951270
2.9879999160767,-41.158238172036
2.9900000095367,-41.308143680190
2.9920001029968,-41.455566978200
2.9939999580383,-41.598657010874
2.9960000514984,-41.735480793562
2.9979999065399,-41.864075829670
3.0000000000000,-41.982516173206