frequency,refcoef
1.0000000000000,-17.417794825015
1.0019999742508,-17.447441954355
1.0039999485016,-17.480228913602
1.0060000419617,-17.515896966843
1.0080000162125,-17.554170505360
1.0099999904633,-17.594758803871
1.0119999647141,-17.637355344867
1.0140000581741,-17.681641386135
1.0160000324249,-17.727285120166
1.0180000066757,-17.773949588039
1.0199999809265,-17.821288418497
1.0219999551773,-17.868954274112
1.0240000486374,-17.916602110441
1.0260000228882,-17.963890796247
1.0279999971390,-18.010486459495
1.0299999713898,-18.056071251236
1.0319999456406,-18.100343162505
1.0340000391006,-18.143021298331
1.0360000133514,-18.183851191893
1.0379999876022,-18.222609441985
1.0399999618530,-18.259102020674
1.0420000553131,-18.293172534660
1.0440000295639,-18.324703119224
1.0460000038147,-18.353612829488
1.0479999780655,-18.379861652375
1.0499999523163,-18.403450236897
1.0520000457764,-18.424415834844
1.0540000200272,-18.442832301872
1.0559999942780,-18.458808364152
1.0579999685287,-18.472485763002
1.0599999427795,-18.484028354999
1.0620000362396,-18.493625501354
1.0640000104904,-18.501484435451
1.0659999847412,-18.507825464754
1.0679999589920,-18.512876003365
1.0700000524521,-18.516869435812
1.0720000267029,-18.520035964597
1.0740000009537,-18.522600321348
1.0759999752045,-18.524778522236
1.0779999494553,-18.526771422104
1.0800000429153,-18.528765699137
1.0820000171661,-18.530925594278
1.0839999914169,-18.533394880136
1.0859999656677,-18.536292244466
1.0880000591278,-18.539710347395
1.0900000333786,-18.543714442815
1.0920000076294,-18.548344210061
1.0939999818802,-18.553609065912
1.0959999561310,-18.559491953208
1.0980000495911,-18.565949316975
1.1000000238419,-18.572908020599
1.1019999980927,-18.580274887849
1.1039999723434,-18.587930250596
1.1059999465942,-18.595735407579
1.1080000400543,-18.603533468426
1.1100000143051,-18.611150830860
1.1119999885559,-18.618402604828
1.1139999628067,-18.625096335709
1.1160000562668,-18.631031631303
1.1180000305176,-18.636011314907
1.1200000047684,-18.639838197258
1.1219999790192,-18.642322115204
1.1239999532700,-18.643286953303
1.1260000467300,-18.642569252400
1.1280000209808,-18.640025790080
1.1299999952316,-18.635533906863
1.1319999694824,-18.628999422151
1.1339999437332,-18.620351719569
1.1360000371933,-18.609553071922
1.1380000114441,-18.596594711051
1.1399999856949,-18.581499262554
1.1419999599457,-18.564322305984
1.1440000534058,-18.545148047212
1.1460000276566,-18.524090962434
1.1480000019073,-18.501291969996
1.1499999761581,-18.476916864772
1.1519999504089,-18.451154209795
1.1540000438690,-18.424210466206
1.1560000181198,-18.396307259339
1.1579999923706,-18.367677210587
1.1599999666214,-18.338562285515
1.1619999408722,-18.309207856080
1.1640000343323,-18.279859782133
1.1660000085831,-18.250763741155
1.1679999828339,-18.222156088814
1.1699999570847,-18.194269211141
1.1720000505447,-18.167319376216
1.1740000247955,-18.141515898211
1.1759999990463,-18.117047568174
1.1779999732971,-18.094089647525
1.1799999475479,-18.072797827011
1.1820000410080,-18.053311506452
1.1840000152588,-18.035747539579
1.1859999895096,-18.020204485957
1.1879999637604,-18.006758359056
1.1900000572205,-17.995469618178
1.1920000314713,-17.986373513886
1.1940000057220,-17.979489686681
1.1959999799728,-17.974814513232
1.1979999542236,-17.972331023057
1.2000000476837,-17.972002369300
1.2020000219345,-17.973776405164
1.2039999961853,-17.977584848406
1.2059999704361,-17.983348923323
1.2079999446869,-17.990975527484
1.2100000381470,-18.000362446679
1.2120000123978,-18.011399099847
1.2139999866486,-18.023970639177
1.2159999608994,-18.037952979992
1.2180000543594,-18.053225352108
1.2200000286102,-18.069662395563
1.2220000028610,-18.087143071054
1.2239999771118,-18.105548905149
1.2259999513626,-18.124769130808
1.2280000448227,-18.144700758244
1.2300000190735,-18.165249232209
1.2319999933243,-18.186332182818
1.2339999675751,-18.207881706624
1.2359999418259,-18.229842271163
1.2380000352859,-18.252176659638
1.2400000095367,-18.274862286759
1.2419999837875,-18.297892660652
1.2439999580383,-18.321280728480
1.2460000514984,-18.345055450424
1.2480000257492,-18.369262190940
1.2500000000000,-18.393962457390
1.2519999742508,-18.419234891930
1.2539999485016,-18.445170109991
1.2560000419617,-18.471871136249
1.2580000162125,-18.499453850286
1.2599999904633,-18.528042474709
1.2619999647141,-18.557769660926
1.2640000581741,-18.588770524235
1.2660000324249,-18.621187690364
1.2680000066757,-18.655162859449
1.2699999809265,-18.690836264589
1.2719999551773,-18.728348247736
1.2740000486374,-18.767830656107
1.2760000228882,-18.809412910309
1.2779999971390,-18.853212791984
1.2799999713898,-18.899339883589
1.2819999456406,-18.947890658610
1.2840000391006,-18.998949666632
1.2860000133514,-19.052585502129
1.2879999876022,-19.108852361690
1.2899999618530,-19.167786942436
1.2920000553131,-19.229407525600
1.2940000295639,-19.293716495793
1.2960000038147,-19.360693490870
1.2979999780655,-19.430300487349
1.2999999523163,-19.502479852077
1.3020000457764,-19.577154921515
1.3040000200272,-19.654225390891
1.3059999942780,-19.733576009151
1.3079999685287,-19.815070846762
1.3099999427795,-19.898556596298
1.3120000362396,-19.983861350905
1.3140000104904,-20.070800640894
1.3159999847412,-20.159174581463
1.3179999589920,-20.248771374221
1.3200000524521,-20.339373071911
1.3220000267029,-20.430750549315
1.3240000009537,-20.522675449755
1.3259999752045,-20.614914707662
1.3279999494553,-20.707241562427
1.3300000429153,-20.799433076417
1.3320000171661,-20.891277803727
1.3339999914169,-20.982578176753
1.3359999656677,-21.073151318362
1.3380000591278,-21.162837257972
1.3400000333786,-21.251498340949
1.3420000076294,-21.339022780496
1.3439999818802,-21.425327995629
1.3459999561310,-21.510362223262
1.3480000495911,-21.594103276161
1.3500000238419,-21.676561913298
1.3519999980927,-21.757779899828
1.3539999723434,-21.837831248883
1.3559999465942,-21.916817457021
1.3580000400543,-21.994867608448
1.3600000143051,-22.072136459052
1.3619999885559,-22.148797781622
1.3639999628067,-22.225044674562
1.3660000562668,-22.301083348463
1.3680000305176,-22.377130013589
1.3700000047684,-22.453403030924
1.3719999790192,-22.530126448349
1.3739999532700,-22.607516012556
1.3760000467300,-22.685781999041
1.3780000209808,-22.765122951256
1.3799999952316,-22.845720131760
1.3819999694824,-22.927737013010
1.3839999437332,-23.011313358984
1.3860000371933,-23.096563272459
1.3880000114441,-23.183570016709
1.3899999856949,-23.272389217003
1.3919999599457,-23.363043544949
1.3940000534058,-23.455517166446
1.3960000276566,-23.549760917422
1.3980000019073,-23.645690445403
1.3999999761581,-23.743183194960
1.4019999504089,-23.842077460860
1.4040000438690,-23.942182070645
1.4060000181198,-24.043266819695
1.4079999923706,-24.145069118580
1.4099999666214,-24.247301027222
1.4119999408722,-24.349647290067
1.4140000343323,-24.451772062104
1.4160000085831,-24.553324180597
1.4179999828339,-24.653944348735
1.4199999570847,-24.753267931564
1.4220000505447,-24.850937129763
1.4240000247955,-24.946605586288
1.4259999990463,-25.039947829047
1.4279999732971,-25.130665936170
1.4299999475479,-25.218498182190
1.4320000410080,-25.303227003240
1.4340000152588,-25.384682540790
1.4359999895096,-25.462751331097
1.4379999637604,-25.537376854205
1.4400000572205,-25.608566300352
1.4420000314713,-25.676385947181
1.4440000057220,-25.740962598400
1.4459999799728,-25.802485224281
1.4479999542236,-25.861192764325
1.4500000476837,-25.917376589804
1.4520000219345,-25.971368481931
1.4539999961853,-26.023534254177
1.4559999704361,-26.074268096257
1.4579999446869,-26.123980655324
1.4600000381470,-26.173093635377
1.4620000123978,-26.222026733079
1.4639999866486,-26.271194720268
1.4659999608994,-26.320995754872
1.4680000543594,-26.371806012154
1.4700000286102,-26.423973965173
1.4720000028610,-26.477810560337
1.4739999771118,-26.533588254189
1.4759999513626,-26.591536266864
1.4780000448227,-26.651831251152
1.4800000190735,-26.714601915548
1.4819999933243,-26.779919864520
1.4839999675751,-26.847801707852
1.4859999418259,-26.918204117364
1.4880000352859,-26.991027217797
1.4900000095367,-27.066111596467
1.4919999837875,-27.143238159768
1.4939999580383,-27.222132219952
1.4960000514984,-27.302465821919
1.4980000257492,-27.383858191916
1.5000000000000,-27.465882838353
1.5019999742508,-27.548073424457
1.5039999485016,-27.629932775754
1.5060000419617,-27.710936149720
1.5080000162125,-27.790548085875
1.5099999904633,-27.868226595361
1.5119999647141,-27.943443443621
1.5140000581741,-28.015689452255
1.5160000324249,-28.084492549758
1.5180000066757,-28.149430653765
1.5199999809265,-28.210141400022
1.5219999551773,-28.266338088338
1.5240000486374,-28.317815283364
1.5260000228882,-28.364457020804
1.5279999971390,-28.406244544297
1.5299999713898,-28.443252099913
1.5319999456406,-28.475650895206
1.5340000391006,-28.503705141685
1.5360000133514,-28.527757678046
1.5379999876022,-28.548230416667
1.5399999618530,-28.565606430654
1.5420000553131,-28.580417879302
1.5440000295639,-28.593235815565
1.5460000038147,-28.604653589633
1.5479999780655,-28.615275295882
1.5499999523163,-28.625698462651
1.5520000457764,-28.636509109029
1.5540000200272,-28.648265786869
1.5559999942780,-28.661488374433
1.5579999685287,-28.676656237041
1.5599999427795,-28.694193993485
1.5620000362396,-28.714469720761
1.5640000104904,-28.737788324320
1.5659999847412,-28.764386092835
1.5679999589920,-28.794431975858
1.5700000524521,-28.828018161798
1.5720000267029,-28.865164789280
1.5740000009537,-28.905814201076
1.5759999752045,-28.949832895170
1.5779999494553,-28.997007944577
1.5800000429153,-29.047055930442
1.5820000171661,-29.099615332917
1.5839999914169,-29.154255383417
1.5859999656677,-29.210480925426
1.5880000591278,-29.267734978853
1.5900000333786,-29.325409051790
1.5920000076294,-29.382849447494
1.5939999818802,-29.439374686976
1.5959999561310,-29.494283016715
1.5980000495911,-29.546870737094
1.6000000238419,-29.596450111693
1.6019999980927,-29.642361315565
1.6039999723434,-29.684001277800
1.6059999465942,-29.720830771654
1.6080000400543,-29.752400473455
1.6100000143051,-29.778359522177
1.6119999885559,-29.798473068977
1.6139999628067,-29.812628271456
1.6160000562668,-29.820841752157
1.6180000305176,-29.823255528320
1.6200000047684,-29.820136518375
1.6219999790192,-29.811867256676
1.6239999532700,-29.798936129112
1.6260000467300,-29.781918044657
1.6280000209808,-29.761461018698
1.6299999952316,-29.738266351007
1.6319999694824,-29.713071360312
1.6339999437332,-29.686631131347
1.6360000371933,-29.659699949279
1.6380000114441,-29.633013590019
1.6399999856949,-29.607284069171
1.6419999599457,-29.583175925942
1.6440000534058,-29.561303239010
1.6460000276566,-29.542218634129
1.6480000019073,-29.526408771916
1.6499999761581,-29.514284995282
1.6519999504089,-29.506178932407
1.6540000438690,-29.502344960361
1.6560000181198,-29.502953970682
1.6579999923706,-29.508087922479
1.6599999666214,-29.517746154990
1.6619999408722,-29.531837755743
1.6640000343323,-29.550186325832
1.6660000085831,-29.572528214478
1.6679999828339,-29.598514773669
1.6699999570847,-29.627711103948
1.6720000505447,-29.659605612212
1.6740000247955,-29.693609438145
1.6759999990463,-29.729065918794
1.6779999732971,-29.765257855983
1.6799999475479,-29.801415994146
1.6820000410080,-29.836741290811
1.6840000152588,-29.870408095127
1.6859999895096,-29.901589577560
1.6879999637604,-29.929479529030
1.6900000572205,-29.953308121644
1.6920000314713,-29.972366867198
1.6940000057220,-29.986033204064
1.6959999799728,-29.993784527130
1.6979999542236,-29.995225270070
1.7000000476837,-29.990093247610
1.7020000219345,-29.978275521499
1.7039999961853,-29.959809913851
1.7059999704361,-29.934888119660
1.7079999446869,-29.903842985706
1.7100000381470,-29.867147222211
1.7120000123978,-29.825386897489
1.7139999866486,-29.779249928450
1.7159999608994,-29.729504468463
1.7180000543594,-29.676973872081
1.7200000286102,-29.622515231330
1.7220000028610,-29.567002292145
1.7239999771118,-29.511299341561
1.7259999513626,-29.456247406205
1.7280000448227,-29.402653304374
1.7300000190735,-29.351266696886
1.7319999933243,-29.302778580723
1.7339999675751,-29.257809655944
1.7359999418259,-29.216904513232
1.7380000352859,-29.180522673384
1.7400000095367,-29.149043361683
1.7419999837875,-29.122754878643
1.7439999580383,-29.101855127419
1.7460000514984,-29.086451051457
1.7480000257492,-29.076556181543
1.7500000000000,-29.072091067668
1.7519999742508,-29.072879178179
1.7539999485016,-29.078649907447
1.7560000419617,-29.089036783099
1.7580000162125,-29.103581861485
1.7599999904633,-29.121730959482
1.7619999647141,-29.142844042945
1.7640000581741,-29.166193188091
1.7660000324249,-29.190975394929
1.7680000066757,-29.216321571097
1.7699999809265,-29.241305999266
1.7719999551773,-29.264963506026
1.7740000486374,-29.286313997166
1.7760000228882,-29.304374316740
1.7779999971390,-29.318194532897
1.7799999713898,-29.326876687330
1.7819999456406,-29.329606060599
1.7840000391006,-29.325682607981
1.7860000133514,-29.314536144640
1.7879999876022,-29.295760272489
1.7899999618530,-29.269117989728
1.7920000553131,-29.234558855085
1.7940000295639,-29.192221729283
1.7960000038147,-29.142427755660
1.7979999780655,-29.085669461556
1.7999999523163,-29.022596465530
1.8020000457764,-28.953989264225
1.8040000200272,-28.880737562545
1.8059999942780,-28.803809003865
1.8079999685287,-28.724224240927
1.8099999427795,-28.643030038549
1.8120000362396,-28.561272162653
1.8140000104904,-28.479978788335
1.8159999847412,-28.400135681604
1.8179999589920,-28.322673537266
1.8200000524521,-28.248459342867
1.8220000267029,-28.178279647132
1.8240000009537,-28.112838190485
1.8259999752045,-28.052748385177
1.8279999494553,-27.998534539400
1.8300000429153,-27.950616909996
1.8320000171661,-27.909323574772
1.8339999914169,-27.874879940561
1.8359999656677,-27.847408286356
1.8380000591278,-27.826923204934
1.8400000333786,-27.813333615733
1.8420000076294,-27.806435403081
1.8439999818802,-27.805910953385
1.8459999561310,-27.811319178287
1.8480000495911,-27.822103627566
1.8500000238419,-27.837576305100
1.8519999980927,-27.856923108913
1.8539999723434,-27.879205380757
1.8559999465942,-27.903357431764
1.8580000400543,-27.928198582326
1.8600000143051,-27.952441053555
1.8619999885559,-27.974707120825
1.8639999628067,-27.993557259844
1.8660000562668,-28.007514744847
1.8680000305176,-28.015110116462
1.8700000047684,-28.014921891961
1.8719999790192,-28.005621593008
1.8739999532700,-27.986032466096
1.8760000467300,-27.955170794042
1.8780000209808,-27.912299262050
1.8799999952316,-27.856951744239
1.8819999694824,-27.788971700670
1.8839999437332,-27.708507346085
1.8860000371933,-27.616020350929
1.8880000114441,-27.512259789586
1.8899999856949,-27.398231016587
1.8919999599457,-27.275155936681
1.8940000534058,-27.144427967237
1.8960000276566,-27.007557027646
1.8980000019073,-26.866127947784
1.8999999761581,-26.721753355252
1.9019999504089,-26.576038519908
1.9040000438690,-26.430546236977
1.9060000181198,-26.286778852541
1.9079999923706,-26.146155079997
1.9099999666214,-26.010007620677
1.9119999408722,-25.879569562689
1.9140000343323,-25.755982262181
1.9160000085831,-25.640292043996
1.9179999828339,-25.533460737698
1.9199999570847,-25.436367268766
1.9220000505447,-25.349821628338
1.9240000247955,-25.274571583684
1.9259999990463,-25.211312709053
1.9279999732971,-25.160696288226
1.9299999475479,-25.123342175271
1.9320000410080,-25.099844456136
1.9340000152588,-25.090784212568
1.9359999895096,-25.096736330259
1.9379999637604,-25.118278511629
1.9400000572205,-25.156003161601
1.9420000314713,-25.210521850032
1.9440000057220,-25.282480574385
1.9459999799728,-25.372568123820
1.9479999542236,-25.481523904136
1.9500000476837,-25.610157955024
1.9520000219345,-25.759356604348
1.9539999961853,-25.930105649127
1.9559999704361,-26.123505035701
1.9579999446869,-26.340793651684
1.9600000381470,-26.583374245468
1.9620000123978,-26.852847760567
1.9639999866486,-27.151055760255
1.9659999608994,-27.480123440474
1.9680000543594,-27.842531706067
1.9700000286102,-28.241193426422
1.9720000028610,-28.679561279103
1.9739999771118,-29.161766071376
1.9759999513626,-29.692800671073
1.9780000448227,-30.278773384442
1.9800000190735,-30.927258079618
1.9819999933243,-31.647782784980
1.9839999675751,-32.452542257000
1.9859999418259,-33.357441834852
1.9880000352859,-34.383673343659
1.9900000095367,-35.560120572568
1.9919999837875,-36.927027132918
1.9939999580383,-38.541219534660
1.9960000514984,-40.480960753544
1.9980000257492,-42.833080771496
2.0000000000000,-45.549529282229
2.0020000934601,-47.702952244509
2.0039999485016,-47.128019352661
2.0060000419617,-44.571210797117
2.0079998970032,-41.988399292138
2.0099999904633,-39.828636660037
2.0120000839233,-38.051150291260
2.0139999389648,-36.567375188512
2.0160000324249,-35.307219092932
2.0179998874664,-34.220674189322
2.0199999809265,-33.272208939856
2.0220000743866,-32.436108672386
2.0239999294281,-31.693325023896
2.0260000228882,-31.029425603484
2.0280001163483,-30.433250252405
2.0299999713898,-29.895998093259
2.0320000648499,-29.410614556936
2.0339999198914,-28.971358493484
2.0360000133514,-28.573490940321
2.0380001068115,-28.213051908862
2.0399999618530,-27.886692303525
2.0420000553131,-27.591547652598
2.0439999103546,-27.325138952068
2.0460000038147,-27.085301394250
2.0480000972748,-26.870123429084
2.0499999523163,-26.677894669628
2.0520000457764,-26.507075300567
2.0539999008179,-26.356254830456
2.0559999942780,-26.224135998399
2.0580000877380,-26.109501428198
2.0599999427795,-26.011201925010
2.0620000362396,-25.928138417791
2.0639998912811,-25.859245823811
2.0659999847412,-25.803484311468
2.0680000782013,-25.759826520075
2.0699999332428,-25.727248233854
2.0720000267029,-25.704720785578
2.0739998817444,-25.691211971391
2.0759999752045,-25.685671512321
2.0780000686646,-25.687036855055
2.0799999237061,-25.694232157901
2.0820000171661,-25.706168893779
2.0840001106262,-25.721750511312
2.0859999656677,-25.739880198828
2.0880000591278,-25.759473722161
2.0899999141693,-25.779464571692
2.0920000076294,-25.798826868212
2.0940001010895,-25.816581088822
2.0959999561310,-25.831821990311
2.0980000495911,-25.843726855684
2.0999999046326,-25.851578050686
2.1019999980927,-25.854775750453
2.1040000915527,-25.852850574714
2.1059999465942,-25.845474254084
2.1080000400543,-25.832463897452
2.1099998950958,-25.813785474627
2.1119999885559,-25.789546710153
2.1140000820160,-25.759988737043
2.1159999370575,-25.725479183670
2.1180000305176,-25.686491083194
2.1199998855591,-25.643588844250
2.1219999790192,-25.597407334986
2.1240000724792,-25.548632658839
2.1259999275208,-25.497983588954
2.1280000209808,-25.446194049855
2.1300001144409,-25.393995087588
2.1319999694824,-25.342099711945
2.1340000629425,-25.291192210924
2.1359999179840,-25.241917659769
2.1380000114441,-25.194874354726
2.1400001049042,-25.150604052912
2.1419999599457,-25.109592019463
2.1440000534058,-25.072262023535
2.1459999084473,-25.038972308352
2.1480000019073,-25.010018584588
2.1500000953674,-24.985631891065
2.1519999504089,-24.965979250884
2.1540000438690,-24.951164808863
2.1559998989105,-24.941230011249
2.1579999923706,-24.936156736341
2.1600000858307,-24.935869043653
2.1619999408722,-24.940231950384
2.1640000343323,-24.949055640911
2.1659998893738,-24.962101396479
2.1679999828339,-24.979075634449
2.1700000762939,-24.999642108157
2.1719999313354,-25.023417293035
2.1740000247955,-25.049981171511
2.1760001182556,-25.078877773034
2.1779999732971,-25.109623011835
2.1800000667572,-25.141707862338
2.1819999217987,-25.174608046187
2.1840000152588,-25.207793136690
2.1860001087189,-25.240731454575
2.1879999637604,-25.272902639700
2.1900000572205,-25.303805213358
2.1919999122620,-25.332968627288
2.1940000057220,-25.359959483095
2.1960000991821,-25.384398234138
2.1979999542236,-25.405957384044
2.2000000476837,-25.424378251072
2.2019999027252,-25.439473068825
2.2039999961853,-25.451129097755
2.2060000896454,-25.459309860772
2.2079999446869,-25.464061138491
2.2100000381470,-25.465500052254
2.2119998931885,-25.463819214096
2.2139999866486,-25.459276185841
2.2160000801086,-25.452189581481
2.2179999351501,-25.442926497004
2.2200000286102,-25.431895359583
2.2219998836517,-25.419539324597
2.2239999771118,-25.406319760935
2.2260000705719,-25.392712349212
2.2279999256134,-25.379192835780
2.2300000190735,-25.366232147165
2.2320001125336,-25.354286022686
2.2339999675751,-25.343789297230
2.2360000610352,-25.335149235327
2.2379999160767,-25.328739381303
2.2400000095367,-25.324895417580
2.2420001029968,-25.323914317226
2.2439999580383,-25.326047370759
2.2460000514984,-25.331496959439
2.2479999065399,-25.340423316917
2.2500000000000,-25.352933437633
2.2520000934601,-25.369083017446
2.2539999485016,-25.388883040838
2.2560000419617,-25.412288381467
2.2579998970032,-25.439207632709
2.2599999904633,-25.469498231209
2.2620000839233,-25.502970390061
2.2639999389648,-25.539388152570
2.2660000324249,-25.578472269061
2.2679998874664,-25.619899831481
2.2699999809265,-25.663311690993
2.2720000743866,-25.708314130931
2.2739999294281,-25.754483592725
2.2760000228882,-25.801375347751
2.2780001163483,-25.848523919902
2.2799999713898,-25.895460674898
2.2820000648499,-25.941709660601
2.2839999198914,-25.986805158751
2.2860000133514,-26.030296546674
2.2880001068115,-26.071760521295
2.2899999618530,-26.110808923802
2.2920000553131,-26.147095302340
2.2939999103546,-26.180329050176
2.2960000038147,-26.210276215181
2.2980000972748,-26.236770715150
2.2999999523163,-26.259713802918
2.3020000457764,-26.279079911278
2.3039999008179,-26.294917333018
2.3059999942780,-26.307341649575
2.3080000877380,-26.316540019598
2.3099999427795,-26.322759003443
2.3120000362396,-26.326302558950
2.3139998912811,-26.327523182294
2.3159999847412,-26.326810141112
2.3180000782013,-26.324584785905
2.3199999332428,-26.321287383415
2.3220000267029,-26.317369235990
2.3239998817444,-26.313283445642
2.3259999752045,-26.309477153703
2.3280000686646,-26.306380784973
2.3299999237061,-26.304404526144
2.3320000171661,-26.303929058005
2.3340001106262,-26.305303678101
2.3359999656677,-26.308834509169
2.3380000591278,-26.314791672843
2.3399999141693,-26.323393902493
2.3420000076294,-26.334817216089
2.3440001010895,-26.349184900123
2.3459999561310,-26.366569919764
2.3480000495911,-26.386994006730
2.3499999046326,-26.410426544502
2.3519999980927,-26.436783518159
2.3540000915527,-26.465931673810
2.3559999465942,-26.497686946252
2.3580000400543,-26.531817181209
2.3599998950958,-26.568041414530
2.3619999885559,-26.606042719063
2.3640000820160,-26.645457300378
2.3659999370575,-26.685891307704
2.3680000305176,-26.726922883976
2.3699998855591,-26.768105447925
2.3719999790192,-26.808979079885
2.3740000724792,-26.849075948298
2.3759999275208,-26.887930086865
2.3780000209808,-26.925088733291
2.3800001144409,-26.960118838097
2.3819999694824,-26.992619284632
2.3840000629425,-27.022228966364
2.3859999179840,-27.048637101186
2.3880000114441,-27.071591901571
2.3900001049042,-27.090903647829
2.3919999599457,-27.106454802055
2.3940000534058,-27.118200793282
2.3959999084473,-27.126170691826
2.3980000019073,-27.130468617580
2.4000000953674,-27.131268352789
2.4019999504089,-27.128812655691
2.4040000438690,-27.123401899814
2.4059998989105,-27.115389454247
2.4079999923706,-27.105174469075
2.4100000858307,-27.093186574904
2.4119999408722,-27.079883364302
2.4140000343323,-27.065732508725
2.4159998893738,-27.051212592278
2.4179999828339,-27.036792466951
2.4200000762939,-27.022932684121
2.4219999313354,-27.010069179154
2.4240000247955,-26.998616594320
2.4260001182556,-26.988953568364
2.4279999732971,-26.981421929130
2.4300000667572,-26.976320847411
2.4319999217987,-26.973907641883
2.4340000152588,-26.974389412043
2.4360001087189,-26.977923273052
2.4379999637604,-26.984617629888
2.4400000572205,-26.994526448235
2.4419999122620,-27.007652764213
2.4440000057220,-27.023945606989
2.4460000991821,-27.043302698630
2.4479999542236,-27.065571202987
2.4500000476837,-27.090548694585
2.4519999027252,-27.117983354485
2.4539999961853,-27.147580605570
2.4560000896454,-27.179001356545
2.4579999446869,-27.211871464935
2.4600000381470,-27.245781080503
2.4619998931885,-27.280299002247
2.4639999866486,-27.314967443405
2.4660000801086,-27.349319390620
2.4679999351501,-27.382883437986
2.4700000286102,-27.415192112154
2.4719998836517,-27.445792944064
2.4739999771118,-27.474257711203
2.4760000705719,-27.500190423584
2.4779999256134,-27.523242437638
2.4800000190735,-27.543115638658
2.4820001125336,-27.559571278790
2.4839999675751,-27.572440104438
2.4860000610352,-27.581621525493
2.4879999160767,-27.587092178067
2.4900000095367,-27.588903250448
2.4920001029968,-27.587178651136
2.4939999580383,-27.582117715527
2.4960000514984,-27.573980619168
2.4979999065399,-27.563089061240
2.5000000000000,-27.549816100739
2.5020000934601,-27.534576577771
2.5039999485016,-27.517818357011
2.5060000419617,-27.500012162863
2.5079998970032,-27.481641939271
2.5099999904633,-27.463191708195
2.5120000839233,-27.445146869424
2.5139999389648,-27.427972809784
2.5160000324249,-27.412117957733
2.5179998874664,-27.398003099612
2.5199999809265,-27.386013980960
2.5220000743866,-27.376499339914
2.5239999294281,-27.369768008865
2.5260000228882,-27.366082177617
2.5280001163483,-27.365657529853
2.5299999713898,-27.368657100948
2.5320000648499,-27.375196738125
2.5339999198914,-27.385339491815
2.5360000133514,-27.399092669004
2.5380001068115,-27.416412608978
2.5399999618530,-27.437203594457
2.5420000553131,-27.461315133311
2.5439999103546,-27.488545870952
2.5460000038147,-27.518645778274
2.5480000972748,-27.551316994283
2.5499999523163,-27.586214496432
2.5520000457764,-27.622954840794
2.5539999008179,-27.661113089703
2.5559999942780,-27.700237336872
2.5580000877380,-27.739847228788
2.5599999427795,-27.779444084175
2.5620000362396,-27.818521720145
2.5639998912811,-27.856569156073
2.5659999847412,-27.893086296439
2.5680000782013,-27.927595090475
2.5699999332428,-27.959643798430
2.5720000267029,-27.988823318446
2.5739998817444,-28.014775867367
2.5759999752045,-28.037204056646
2.5780000686646,-28.055879386766
2.5799999237061,-28.070647880575
2.5820000171661,-28.081436592536
2.5840001106262,-28.088253101230
2.5859999656677,-28.091188797028
2.5880000591278,-28.090414282119
2.5899999141693,-28.086176926727
2.5920000076294,-28.078794857702
2.5940001010895,-28.068643708520
2.5959999561310,-28.056154020396
2.5980000495911,-28.041800572045
2.5999999046326,-28.026085069170
2.6019999980927,-28.009535257286
2.6040000915527,-27.992684584691
2.6059999465942,-27.976070812591
2.6080000400543,-27.960221240232
2.6099998950958,-27.945645991376
2.6119999885559,-27.932831359953
2.6140000820160,-27.922234641383
2.6159999370575,-27.914276318380
2.6180000305176,-27.909333429986
2.6199998855591,-27.907742568747
2.6219999790192,-27.909791163297
2.6240000724792,-27.915716112867
2.6259999275208,-27.925704416851
2.6280000209808,-27.939888724491
2.6300001144409,-27.958348216136
2.6319999694824,-27.981106940476
2.6340000629425,-28.008133380598
2.6359999179840,-28.039340090652
2.6380000114441,-28.074584244683
2.6400001049042,-28.113668732154
2.6419999599457,-28.156342016202
2.6440000534058,-28.202299485466
2.6459999084473,-28.251186195633
2.6480000019073,-28.302600225958
2.6500000953674,-28.356094714508
2.6519999504089,-28.411181975610
2.6540000438690,-28.467343894133
2.6559998989105,-28.524030529850
2.6579999923706,-28.580678539032
2.6600000858307,-28.636710767458
2.6619999408722,-28.691555205687
2.6640000343323,-28.744649208268
2.6659998893738,-28.795456597202
2.6679999828339,-28.843476952064
2.6700000762939,-28.888264179072
2.6719999313354,-28.929430072224
2.6740000247955,-28.966659500213
2.6760001182556,-28.999721767647
2.6779999732971,-29.028475408704
2.6800000667572,-29.052873473173
2.6819999217987,-29.072965468025
2.6840000152588,-29.088898129041
2.6860001087189,-29.100913328462
2.6879999637604,-29.109338142681
2.6900000572205,-29.114582019920
2.6919999122620,-29.117119167406
2.6940000057220,-29.117488896999
2.6960000991821,-29.116273668583
2.6979999542236,-29.114088065138
2.7000000476837,-29.111572747931
2.7019999027252,-29.109375752455
2.7039999961853,-29.108146239783
2.7060000896454,-29.108519207035
2.7079999446869,-29.111113941979
2.7100000381470,-29.116520848048
2.7119998931885,-29.125297705051
2.7139999866486,-29.137963934690
2.7160000801086,-29.154995257675
2.7179999351501,-29.176821362384
2.7200000286102,-29.203819470792
2.7219998836517,-29.236321702009
2.7239999771118,-29.274602862118
2.7260000705719,-29.318880621591
2.7279999256134,-29.369319563231
2.7300000190735,-29.426025073925
2.7320001125336,-29.489043819469
2.7339999675751,-29.558360551715
2.7360000610352,-29.633896411218
2.7379999160767,-29.715510761656
2.7400000095367,-29.802994368545
2.7420001029968,-29.896071900646
2.7439999580383,-29.994398812445
2.7460000514984,-30.097558850632
2.7479999065399,-30.205066517653
2.7500000000000,-30.316363939409
2.7520000934601,-30.430825814967
2.7539999485016,-30.547760901623
2.7560000419617,-30.666415857604
2.7579998970032,-30.785983178096
2.7599999904633,-30.905611753011
2.7620000839233,-31.024417787609
2.7639999389648,-31.141500815342
2.7660000324249,-31.255959323139
2.7679998874664,-31.366916498089
2.7699999809265,-31.473537498102
2.7720000743866,-31.575056639861
2.7739999294281,-31.670798195243
2.7760000228882,-31.760202595547
2.7780001163483,-31.842843409548
2.7799999713898,-31.918449497309
2.7820000648499,-31.986910464036
2.7839999198914,-32.048290455238
2.7860000133514,-32.102820050950
2.7880001068115,-32.150898452366
2.7899999618530,-32.193079514302
2.7920000553131,-32.230054979904
2.7939999103546,-32.262633340038
2.7960000038147,-32.291721161180
2.7980000972748,-32.318297534476
2.7999999523163,-32.343390737449
2.8020000457764,-32.368059143662
2.8039999008179,-32.393363602564
2.8059999942780,-32.420360875683
2.8080000877380,-32.450077813333
2.8099999427795,-32.483505847448
2.8120000362396,-32.521591092131
2.8139998912811,-32.565224157189
2.8159999847412,-32.615238306399
2.8180000782013,-32.672405650338
2.8199999332428,-32.737433573347
2.8220000267029,-32.810967297594
2.8239998817444,-32.893586257127
2.8259999752045,-32.985806473238
2.8280000686646,-33.088077596774
2.8299999237061,-33.200783545434
2.8320000171661,-33.324242514969
2.8340001106262,-33.458700970645
2.8359999656677,-33.604332735718
2.8380000591278,-33.761232727493
2.8399999141693,-33.929408079147
2.8420000076294,-34.108771128188
2.8440001010895,-34.299125794964
2.8459999561310,-34.500155213463
2.8480000495911,-34.711405392828
2.8499999046326,-34.932262939900
2.8519999980927,-35.161935486090
2.8540000915527,-35.399428471320
2.8559999465942,-35.643523146492
2.8580000400543,-35.892745072166
2.8599998950958,-36.145354386971
2.8619999885559,-36.399323367819
2.8640000820160,-36.652336754353
2.8659999370575,-36.901803905471
2.8680000305176,-37.144888817581
2.8699998855591,-37.378572530653
2.8719999790192,-37.599740241255
2.8740000724792,-37.805304289967
2.8759999275208,-37.992344705138
2.8780000209808,-38.158279542304
2.8800001144409,-38.301026737266
2.8819999694824,-38.419155161536
2.8840000629425,-38.511991356837
2.8859999179840,-38.579684793672
2.8880000114441,-38.623199500504
2.8900001049042,-38.644241833012
2.8919999599457,-38.645153028930
2.8940000534058,-38.628748157959
2.8959999084473,-38.598156700974
2.8980000019073,-38.556658910596
2.9000000953674,-38.507543519706
2.9019999504089,-38.454003486682
2.9040000438690,-38.399039491393
2.9059998989105,-38.345424321699
2.9079999923706,-38.295659560431
2.9100000858307,-38.251981903917
2.9119999408722,-38.216364667558
2.9140000343323,-38.190538126773
2.9159998893738,-38.176013050096
2.9179999828339,-38.174108629450
2.9200000762939,-38.185977072473
2.9219999313354,-38.212637920317
2.9240000247955,-38.254994710146
2.9260001182556,-38.313865813501
2.9279999732971,-38.390002120327
2.9300000667572,-38.484106518383
2.9319999217987,-38.596852114082
2.9340000152588,-38.728897900521
2.9360001087189,-38.880898399373
2.9379999637604,-39.053519369246
2.9400000572205,-39.247448313426
2.9419999122620,-39.463395827544
2.9440000057220,-39.702107974263
2.9460000991821,-39.964364746023
2.9479999542236,-40.250977728780
2.9500000476837,-40.562785363554
2.9519999027252,-40.900632027669
2.9539999961853,-41.265340716872
2.9560000896454,-41.657660366094
2.9579999446869,-42.078192208410
2.9600000381470,-42.527259280156
2.9619998931885,-43.004730022194
2.9639999866486,-43.509739285829
2.9660000801086,-44.040278200958
2.9679999351501,-44.592626133843
2.9700000286102,-45.160542608784
2.9719998836517,-45.734252857205
2.9739999771118,-46.299277360567
2.9760000705719,-46.835408104229
2.9779999256134,-47.316458273137
2.9800000190735,-47.711762564787
2.9820001125336,-47.990339652241
2.9839999675751,-48.127574560346
2.9860000610352,-48.112201840899
2.9879999160767,-47.949990805629
2.9900000095367,-47.661839252110
2.9920001029968,-47.277498888718
2.9939999580383,-46.828436498320
2.9960000514984,-46.342722008265
2.9979999065399,-45.842708859995
3.0000000000000,-45.344817380785
