frequency,refcoef
1.0000000000000,-16.681385642585
1.0019999742508,-16.669452819207
1.0039999485016,-16.659492577574
1.0060000419617,-16.651487704114
1.0080000162125,-16.645415947378
1.0099999904633,-16.641256386629
1.0119999647141,-16.638988152038
1.0140000581741,-16.638586367445
1.0160000324249,-16.640028385088
1.0180000066757,-16.643287437226
1.0199999809265,-16.648338017115
1.0219999551773,-16.655149030947
1.0240000486374,-16.663691336739
1.0260000228882,-16.673932461857
1.0279999971390,-16.685837372389
1.0299999713898,-16.699370015337
1.0319999456406,-16.714490752690
1.0340000391006,-16.731157755013
1.0360000133514,-16.749328583606
1.0379999876022,-16.768954898219
1.0399999618530,-16.789990693308
1.0420000553131,-16.812380901131
1.0440000295639,-16.836073276777
1.0460000038147,-16.861009095692
1.0479999780655,-16.887130829440
1.0499999523163,-16.914373168060
1.0520000457764,-16.942671920545
1.0540000200272,-16.971959832936
1.0559999942780,-17.002165778813
1.0579999685287,-17.033217518561
1.0599999427795,-17.065039185759
1.0620000362396,-17.097554371375
1.0640000104904,-17.130684211361
1.0659999847412,-17.164348228815
1.0679999589920,-17.198463922427
1.0700000524521,-17.232949723942
1.0720000267029,-17.267720956780
1.0740000009537,-17.302693704796
1.0759999752045,-17.337785085880
1.0779999494553,-17.372909848642
1.0800000429153,-17.407986396434
1.0820000171661,-17.442932690871
1.0839999914169,-17.477670286263
1.0859999656677,-17.512120167381
1.0880000591278,-17.546208883199
1.0900000333786,-17.579864298368
1.0920000076294,-17.613020211204
1.0939999818802,-17.645609845892
1.0959999561310,-17.677576284206
1.0980000495911,-17.708863778872
1.1000000238419,-17.739424823038
1.1019999980927,-17.769215896978
1.1039999723434,-17.798199034859
1.1059999465942,-17.826344285309
1.1080000400543,-17.853627634666
1.1100000143051,-17.880030373788
1.1119999885559,-17.905542972229
1.1139999628067,-17.930160392236
1.1160000562668,-17.953886433115
1.1180000305176,-17.976730091299
1.1200000047684,-17.998707093238
1.1219999790192,-18.019842856622
1.1239999532700,-18.040163018951
1.1260000467300,-18.059705458715
1.1280000209808,-18.078508424498
1.1299999952316,-18.096618709974
1.1319999694824,-18.114087432560
1.1339999437332,-18.130968221186
1.1360000371933,-18.147321463139
1.1380000114441,-18.163207988112
1.1399999856949,-18.178693355081
1.1419999599457,-18.193845763961
1.1440000534058,-18.208733331452
1.1460000276566,-18.223427571812
1.1480000019073,-18.238000102981
1.1499999761581,-18.252522188519
1.1519999504089,-18.267066397675
1.1540000438690,-18.281704718050
1.1560000181198,-18.296506839057
1.1579999923706,-18.311542554877
1.1599999666214,-18.326878853417
1.1619999408722,-18.342581681077
1.1640000343323,-18.358714474155
1.1660000085831,-18.375338676024
1.1679999828339,-18.392510374334
1.1699999570847,-18.410286449914
1.1720000505447,-18.428718540618
1.1740000247955,-18.447854807666
1.1759999990463,-18.467741112134
1.1779999732971,-18.488418494806
1.1799999475479,-18.509927481972
1.1820000410080,-18.532301587160
1.1840000152588,-18.555572929759
1.1859999895096,-18.579769788077
1.1879999637604,-18.604916877433
1.1900000572205,-18.631036187123
1.1920000314713,-18.658145710296
1.1940000057220,-18.686261871041
1.1959999799728,-18.715397039122
1.1979999542236,-18.745560411903
1.2000000476837,-18.776760535102
1.2020000219345,-18.809002350699
1.2039999961853,-18.842287603232
1.2059999704361,-18.876618827652
1.2079999446869,-18.911993958308
1.2100000381470,-18.948411494153
1.2120000123978,-18.985867853297
1.2139999866486,-19.024359237346
1.2159999608994,-19.063878662483
1.2180000543594,-19.104420870053
1.2200000286102,-19.145979411391
1.2220000028610,-19.188548003764
1.2239999771118,-19.232120078932
1.2259999513626,-19.276689621400
1.2280000448227,-19.322251033369
1.2300000190735,-19.368798317207
1.2319999933243,-19.416328043506
1.2339999675751,-19.464837615394
1.2359999418259,-19.514324256457
1.2380000352859,-19.564787870939
1.2400000095367,-19.616228709188
1.2419999837875,-19.668648806603
1.2439999580383,-19.722052517612
1.2460000514984,-19.776444484761
1.2480000257492,-19.831833371549
1.2500000000000,-19.888225057808
1.2519999742508,-19.945631773052
1.2539999485016,-20.004064331219
1.2560000419617,-20.063537147672
1.2580000162125,-20.124064158603
1.2599999904633,-20.185661696403
1.2619999647141,-20.248346886936
1.2640000581741,-20.312138847918
1.2660000324249,-20.377054865107
1.2680000066757,-20.443116536058
1.2699999809265,-20.510343411697
1.2719999551773,-20.578754808049
1.2740000486374,-20.648374285634
1.2760000228882,-20.719219064089
1.2779999971390,-20.791309407864
1.2799999713898,-20.864664828668
1.2819999456406,-20.939303749230
1.2840000391006,-21.015240259139
1.2860000133514,-21.092490877909
1.2879999876022,-21.171067148593
1.2899999618530,-21.250980281148
1.2920000553131,-21.332237065564
1.2940000295639,-21.414842938701
1.2960000038147,-21.498798562927
1.2979999780655,-21.584102339531
1.2999999523163,-21.670748614573
1.3020000457764,-21.758728106841
1.3040000200272,-21.848025135466
1.3059999942780,-21.938622710969
1.3079999685287,-22.030495992282
1.3099999427795,-22.123616819962
1.3120000362396,-22.217951463497
1.3140000104904,-22.313461837011
1.3159999847412,-22.410101610847
1.3179999589920,-22.507821152622
1.3200000524521,-22.606565981140
1.3220000267029,-22.706275266901
1.3240000009537,-22.806880822706
1.3259999752045,-22.908313244314
1.3279999494553,-23.010492399128
1.3300000429153,-23.113338405879
1.3320000171661,-23.216763091072
1.3339999914169,-23.320675154911
1.3359999656677,-23.424980345718
1.3380000591278,-23.529579025524
1.3400000333786,-23.634371138182
1.3420000076294,-23.739249774038
1.3439999818802,-23.844112094386
1.3459999561310,-23.948848805322
1.3480000495911,-24.053354635947
1.3500000238419,-24.157522382764
1.3519999980927,-24.261249127826
1.3539999723434,-24.364431262864
1.3559999465942,-24.466971425003
1.3580000400543,-24.568774948615
1.3600000143051,-24.669752231350
1.3619999885559,-24.769820886569
1.3639999628067,-24.868905238710
1.3660000562668,-24.966937570376
1.3680000305176,-25.063857750030
1.3700000047684,-25.159616527404
1.3719999790192,-25.254174356820
1.3739999532700,-25.347499092976
1.3760000467300,-25.439573638558
1.3780000209808,-25.530388462373
1.3799999952316,-25.619944937834
1.3819999694824,-25.708257104113
1.3839999437332,-25.795346688566
1.3860000371933,-25.881246349969
1.3880000114441,-25.965999921378
1.3899999856949,-26.049657363221
1.3919999599457,-26.132278561284
1.3940000534058,-26.213928805350
1.3960000276566,-26.294681022137
1.3980000019073,-26.374610933815
1.3999999761581,-26.453800431482
1.4019999504089,-26.532332756214
1.4040000438690,-26.610292150697
1.4060000181198,-26.687763046600
1.4079999923706,-26.764831263192
1.4099999666214,-26.841576887357
1.4119999408722,-26.918078032424
1.4140000343323,-26.994408426274
1.4160000085831,-27.070635434674
1.4179999828339,-27.146820198575
1.4199999570847,-27.223017021789
1.4220000505447,-27.299269025246
1.4240000247955,-27.375612523010
1.4259999990463,-27.452071798870
1.4279999732971,-27.528663535678
1.4299999475479,-27.605390864540
1.4320000410080,-27.682245488589
1.4340000152588,-27.759210299908
1.4359999895096,-27.836252233909
1.4379999637604,-27.913329730998
1.4400000572205,-27.990389427814
1.4420000314713,-28.067365002027
1.4440000057220,-28.144181937440
1.4459999799728,-28.220755075076
1.4479999542236,-28.296987355101
1.4500000476837,-28.372778449337
1.4520000219345,-28.448014758700
1.4539999961853,-28.522581673946
1.4559999704361,-28.596359577627
1.4579999446869,-28.669221233711
1.4600000381470,-28.741041230590
1.4620000123978,-28.811696459403
1.4639999866486,-28.881060157198
1.4659999608994,-28.949015068740
1.4680000543594,-29.015445626719
1.4700000286102,-29.080245917599
1.4720000028610,-29.143317850317
1.4739999771118,-29.204573781522
1.4759999513626,-29.263941130527
1.4780000448227,-29.321358364965
1.4800000190735,-29.376781558098
1.4819999933243,-29.430179226760
1.4839999675751,-29.481540824694
1.4859999418259,-29.530870251284
1.4880000352859,-29.578188724257
1.4900000095367,-29.623537521354
1.4919999837875,-29.666969671038
1.4939999580383,-29.708559360707
1.4960000514984,-29.748393996202
1.4980000257492,-29.786572866949
1.5000000000000,-29.823212419268
1.5019999742508,-29.858435412851
1.5039999485016,-29.892378417514
1.5060000419617,-29.925181844762
1.5080000162125,-29.956990117310
1.5099999904633,-29.987956197187
1.5119999647141,-30.018231272550
1.5140000581741,-30.047965573605
1.5160000324249,-30.077307872396
1.5180000066757,-30.106402936908
1.5199999809265,-30.135387538306
1.5219999551773,-30.164392962383
1.5240000486374,-30.193538102086
1.5260000228882,-30.222933432844
1.5279999971390,-30.252676177500
1.5299999713898,-30.282850353687
1.5319999456406,-30.313524990273
1.5340000391006,-30.344756463392
1.5360000133514,-30.376580883521
1.5379999876022,-30.409021865452
1.5399999618530,-30.442083689452
1.5420000553131,-30.475755313923
1.5440000295639,-30.510006657819
1.5460000038147,-30.544791693618
1.5479999780655,-30.580047569065
1.5499999523163,-30.615694000881
1.5520000457764,-30.651635620672
1.5540000200272,-30.687762744882
1.5559999942780,-30.723950707503
1.5579999685287,-30.760062644827
1.5599999427795,-30.795949843202
1.5620000362396,-30.831454060252
1.5640000104904,-30.866408846048
1.5659999847412,-30.900643376744
1.5679999589920,-30.933980778838
1.5700000524521,-30.966244177686
1.5720000267029,-30.997257761766
1.5740000009537,-31.026848999814
1.5759999752045,-31.054850363945
1.5779999494553,-31.081104981267
1.5800000429153,-31.105466583108
1.5820000171661,-31.127801879160
1.5839999914169,-31.147992695823
1.5859999656677,-31.165941916364
1.5880000591278,-31.181570173061
1.5900000333786,-31.194818157632
1.5920000076294,-31.205653941304
1.5939999818802,-31.214062114536
1.5959999561310,-31.220056702450
1.5980000495911,-31.223671777887
1.6000000238419,-31.224964948668
1.6019999980927,-31.224017676064
1.6039999723434,-31.220930866476
1.6059999465942,-31.215825205834
1.6080000400543,-31.208837980758
1.6100000143051,-31.200122953194
1.6119999885559,-31.189846050370
1.6139999628067,-31.178182966819
1.6160000562668,-31.165319151640
1.6180000305176,-31.151444732680
1.6200000047684,-31.136749119531
1.6219999790192,-31.121427400999
1.6239999532700,-31.105668161401
1.6260000467300,-31.089657364247
1.6280000209808,-31.073572579435
1.6299999952316,-31.057583987777
1.6319999694824,-31.041850226029
1.6339999437332,-31.026517811329
1.6360000371933,-31.011721315955
1.6380000114441,-30.997577112811
1.6399999856949,-30.984187575378
1.6419999599457,-30.971637397503
1.6440000534058,-30.959994529979
1.6460000276566,-30.949307995652
1.6480000019073,-30.939608145828
1.6499999761581,-30.930907366174
1.6519999504089,-30.923198627237
1.6540000438690,-30.916456266399
1.6560000181198,-30.910636448659
1.6579999923706,-30.905676569370
1.6599999666214,-30.901498022026
1.6619999408722,-30.898005243099
1.6640000343323,-30.895084495648
1.6660000085831,-30.892612295069
1.6679999828339,-30.890447156229
1.6699999570847,-30.888438365135
1.6720000505447,-30.886424203163
1.6740000247955,-30.884234465801
1.6759999990463,-30.881693220451
1.6779999732971,-30.878619784634
1.6799999475479,-30.874832029552
1.6820000410080,-30.870147138361
1.6840000152588,-30.864386376499
1.6859999895096,-30.857375844165
1.6879999637604,-30.848950708011
1.6900000572205,-30.838955364163
1.6920000314713,-30.827247155807
1.6940000057220,-30.813700064964
1.6959999799728,-30.798204474559
1.6979999542236,-30.780669378862
1.7000000476837,-30.761024795161
1.7020000219345,-30.739223746868
1.7039999961853,-30.715240769308
1.7059999704361,-30.689074646037
1.7079999446869,-30.660748015602
1.7100000381470,-30.630303787814
1.7120000123978,-30.597811869650
1.7139999866486,-30.563359778805
1.7159999608994,-30.527058624469
1.7180000543594,-30.489032970096
1.7200000286102,-30.449430081045
1.7220000028610,-30.408406848283
1.7239999771118,-30.366132883264
1.7259999513626,-30.322790122044
1.7280000448227,-30.278565642507
1.7300000190735,-30.233651856079
1.7319999933243,-30.188241848955
1.7339999675751,-30.142532458874
1.7359999418259,-30.096715773114
1.7380000352859,-30.050978863772
1.7400000095367,-30.005506085494
1.7419999837875,-29.960469983220
1.7439999580383,-29.916034616970
1.7460000514984,-29.872355602386
1.7480000257492,-29.829572711091
1.7500000000000,-29.787812287816
1.7519999742508,-29.747189391356
1.7539999485016,-29.707800432303
1.7560000419617,-29.669727518136
1.7580000162125,-29.633037363780
1.7599999904633,-29.597774593414
1.7619999647141,-29.563973312557
1.7640000581741,-29.531646733462
1.7660000324249,-29.500789219067
1.7680000066757,-29.471381444837
1.7699999809265,-29.443383401478
1.7719999551773,-29.416738521291
1.7740000486374,-29.391376229983
1.7760000228882,-29.367204975733
1.7779999971390,-29.344121670783
1.7799999713898,-29.322006652080
1.7819999456406,-29.300725577604
1.7840000391006,-29.280132191849
1.7860000133514,-29.260066019705
1.7879999876022,-29.240357825313
1.7899999618530,-29.220829048451
1.7920000553131,-29.201294173885
1.7940000295639,-29.181558448375
1.7960000038147,-29.161427230032
1.7979999780655,-29.140702024413
1.7999999523163,-29.119186368638
1.8020000457764,-29.096683050733
1.8040000200272,-29.073003866442
1.8059999942780,-29.047966628378
1.8079999685287,-29.021397792034
1.8099999427795,-28.993137804853
1.8120000362396,-28.963041079662
1.8140000104904,-28.930978103715
1.8159999847412,-28.896838823828
1.8179999589920,-28.860534074135
1.8200000524521,-28.821994996119
1.8220000267029,-28.781177087953
1.8240000009537,-28.738058638340
1.8259999752045,-28.692641245046
1.8279999494553,-28.644955372847
1.8300000429153,-28.595047619380
1.8320000171661,-28.542995206652
1.8339999914169,-28.488895179594
1.8359999656677,-28.432865227332
1.8380000591278,-28.375042379312
1.8400000333786,-28.315581649384
1.8420000076294,-28.254655123722
1.8439999818802,-28.192449237830
1.8459999561310,-28.129159216262
1.8480000495911,-28.064990876408
1.8500000238419,-28.000160913643
1.8519999980927,-27.934886161852
1.8539999723434,-27.869390368116
1.8559999465942,-27.803896695683
1.8580000400543,-27.738629549839
1.8600000143051,-27.673811058921
1.8619999885559,-27.609657967634
1.8639999628067,-27.546384531197
1.8660000562668,-27.484199543548
1.8680000305176,-27.423303821012
1.8700000047684,-27.363890010893
1.8719999790192,-27.306145741319
1.8739999532700,-27.250246649307
1.8760000467300,-27.196362356336
1.8780000209808,-27.144651760701
1.8799999952316,-27.095263795865
1.8819999694824,-27.048341100190
1.8839999437332,-27.004013944459
1.8860000371933,-26.962407016256
1.8880000114441,-26.923631154874
1.8899999856949,-26.887794436606
1.8919999599457,-26.854991777690
1.8940000534058,-26.825314073056
1.8960000276566,-26.798842563662
1.8980000019073,-26.775650454762
1.8999999761581,-26.755806168774
1.9019999504089,-26.739369440151
1.9040000438690,-26.726396605281
1.9060000181198,-26.716936246346
1.9079999923706,-26.711032434041
1.9099999666214,-26.708724626386
1.9119999408722,-26.710048257655
1.9140000343323,-26.715032862137
1.9160000085831,-26.723707566446
1.9179999828339,-26.736095775575
1.9199999570847,-26.752219737078
1.9220000505447,-26.772099648681
1.9240000247955,-26.795750756654
1.9259999990463,-26.823192167238
1.9279999732971,-26.854436687619
1.9299999475479,-26.889500009384
1.9320000410080,-26.928397186443
1.9340000152588,-26.971142874803
1.9359999895096,-27.017752380001
1.9379999637604,-27.068243335756
1.9400000572205,-27.122633790786
1.9420000314713,-27.180945400249
1.9440000057220,-27.243200454580
1.9459999799728,-27.309427029083
1.9479999542236,-27.379654997603
1.9500000476837,-27.453920393763
1.9520000219345,-27.532260244472
1.9539999961853,-27.614721896750
1.9559999704361,-27.701354144882
1.9579999446869,-27.792215720147
1.9600000381470,-27.887370443146
1.9620000123978,-27.986890929245
1.9639999866486,-28.090856160639
1.9659999608994,-28.199358543332
1.9680000543594,-28.312497360146
1.9700000286102,-28.430381933881
1.9720000028610,-28.553134858915
1.9739999771118,-28.680890055633
1.9759999513626,-28.813796795550
1.9780000448227,-28.952015861439
1.9800000190735,-29.095723785175
1.9819999933243,-29.245117098459
1.9839999675751,-29.400403955028
1.9859999418259,-29.561817742001
1.9880000352859,-29.729608447386
1.9900000095367,-29.904049896647
1.9919999837875,-30.085439401857
1.9939999580383,-30.274102196890
1.9960000514984,-30.470388385664
1.9980000257492,-30.674682840285
2.0000000000000,-30.887402861315
2.0020000934601,-31.109001372688
2.0039999485016,-31.339975301075
2.0060000419617,-31.580865153165
2.0079998970032,-31.832263412320
2.0099999904633,-32.094815409026
2.0120000839233,-32.369232117939
2.0139999389648,-32.656294069070
2.0160000324249,-32.956859103027
2.0179998874664,-33.271875978255
2.0199999809265,-33.602394796791
2.0220000743866,-33.949579860487
2.0239999294281,-34.314725130443
2.0260000228882,-34.699276111941
2.0280001163483,-35.104848552783
2.0299999713898,-35.533249283820
2.0320000648499,-35.986513234875
2.0339999198914,-36.466919637277
2.0360000133514,-36.977033441156
2.0380001068115,-37.519724127423
2.0399999618530,-38.098185975636
2.0420000553131,-38.715928554241
2.0439999103546,-39.376716257699
2.0460000038147,-40.084405244617
2.0480000972748,-40.842574503483
2.0499999523163,-41.653778408011
2.0520000457764,-42.518060247668
2.0539999008179,-43.430158923398
2.0559999942780,-44.374469796720
2.0580000877380,-45.316780261561
2.0599999427795,-46.193302503879
2.0620000362396,-46.903557479997
2.0639998912811,-47.324621132557
2.0659999847412,-47.362394648687
2.0680000782013,-47.011842937087
2.0699999332428,-46.360709811240
2.0720000267029,-45.532033940512
2.0739998817444,-44.629742200222
2.0759999752045,-43.721147913881
2.0780000686646,-42.842939740322
2.0799999237061,-42.012209352399
2.0820000171661,-41.235051674436
2.0840001106262,-40.511881538569
2.0859999656677,-39.840401144040
2.0880000591278,-39.217179440990
2.0899999141693,-38.638457015341
2.0920000076294,-38.100537572265
2.0940001010895,-37.599968936334
2.0959999561310,-37.133608600174
2.0980000495911,-36.698636283471
2.0999999046326,-36.292539002058
2.1019999980927,-35.913084140968
2.1040000915527,-35.558289637151
2.1059999465942,-35.226394306819
2.1080000400543,-34.915831817202
2.1099998950958,-34.625200266336
2.1119999885559,-34.353248732000
2.1140000820160,-34.098851857505
2.1159999370575,-33.860996619843
2.1180000305176,-33.638764046286
2.1199998855591,-33.431320997013
2.1219999790192,-33.237907154091
2.1240000724792,-33.057825254667
2.1259999275208,-32.890434191773
2.1280000209808,-32.735139419017
2.1300001144409,-32.591392019482
2.1319999694824,-32.458674594355
2.1340000629425,-32.336504376715
2.1359999179840,-32.224423885491
2.1380000114441,-32.121999124211
2.1400001049042,-32.028814549728
2.1419999599457,-31.944473399455
2.1440000534058,-31.868587936974
2.1459999084473,-31.800784053264
2.1480000019073,-31.740693784797
2.1500000953674,-31.687957348704
2.1519999504089,-31.642217550291
2.1540000438690,-31.603117023480
2.1559998989105,-31.570302775169
2.1579999923706,-31.543418290462
2.1600000858307,-31.522105525552
2.1619999408722,-31.506002010683
2.1640000343323,-31.494743186628
2.1659998893738,-31.487956988880
2.1679999828339,-31.485269627969
2.1700000762939,-31.486297973790
2.1719999313354,-31.490657077850
2.1740000247955,-31.497955836169
2.1760001182556,-31.507800477404
2.1779999732971,-31.519792611558
2.1800000667572,-31.533535226481
2.1819999217987,-31.548628933631
2.1840000152588,-31.564680707888
2.1860001087189,-31.581300399874
2.1879999637604,-31.598106860299
2.1900000572205,-31.614730070489
2.1919999122620,-31.630815299863
2.1940000057220,-31.646024497268
2.1960000991821,-31.660041696692
2.1979999542236,-31.672575966495
2.2000000476837,-31.683362861579
2.2019999027252,-31.692172541555
2.2039999961853,-31.698805626576
2.2060000896454,-31.703100107464
2.2079999446869,-31.704932275967
2.2100000381470,-31.704218085079
2.2119998931885,-31.700911578855
2.2139999866486,-31.695008239478
2.2160000801086,-31.686540730828
2.2179999351501,-31.675581049037
2.2200000286102,-31.662235136105
2.2219998836517,-31.646642443145
2.2239999771118,-31.628973113630
2.2260000705719,-31.609421923650
2.2279999256134,-31.588210394214
2.2300000190735,-31.565573961613
2.2320001125336,-31.541767880664
2.2339999675751,-31.517055880839
2.2360000610352,-31.491710952589
2.2379999160767,-31.466008904639
2.2400000095367,-31.440226836172
2.2420001029968,-31.414636521994
2.2439999580383,-31.389507827225
2.2460000514984,-31.365100036336
2.2479999065399,-31.341661738337
2.2500000000000,-31.319430472389
2.2520000934601,-31.298628214563
2.2539999485016,-31.279461032410
2.2560000419617,-31.262119230569
2.2579998970032,-31.246775041059
2.2599999904633,-31.233581146531
2.2620000839233,-31.222672669307
2.2639999389648,-31.214162587061
2.2660000324249,-31.208146607979
2.2679998874664,-31.204699462392
2.2699999809265,-31.203875075024
2.2720000743866,-31.205708213521
2.2739999294281,-31.210213093506
2.2760000228882,-31.217383940629
2.2780001163483,-31.227194759778
2.2799999713898,-31.239601998344
2.2820000648499,-31.254539042599
2.2839999198914,-31.271924639767
2.2860000133514,-31.291656266366
2.2880001068115,-31.313614310332
2.2899999618530,-31.337662067917
2.2920000553131,-31.363647002664
2.2939999103546,-31.391398719869
2.2960000038147,-31.420733910621
2.2980000972748,-31.451455770652
2.2999999523163,-31.483352613921
2.3020000457764,-31.516206188405
2.3039999008179,-31.549786657745
2.3059999942780,-31.583855945778
2.3080000877380,-31.618174661893
2.3099999427795,-31.652496755772
2.3120000362396,-31.686578987133
2.3139998912811,-31.720176968302
2.3159999847412,-31.753055085632
2.3180000782013,-31.784983466042
2.3199999332428,-31.815743540779
2.3220000267029,-31.845130918191
2.3239998817444,-31.872957355964
2.3259999752045,-31.899051780227
2.3280000686646,-31.923267813145
2.3299999237061,-31.945480598503
2.3320000171661,-31.965591768765
2.3340001106262,-31.983529750484
2.3359999656677,-31.999251358822
2.3380000591278,-32.012741068739
2.3399999141693,-32.024012460369
2.3420000076294,-32.033107770911
2.3440001010895,-32.040099530764
2.3459999561310,-32.045080343454
2.3480000495911,-32.048173771329
2.3499999046326,-32.049521592507
2.3519999980927,-32.049288756099
2.3540000915527,-32.047656775115
2.3559999465942,-32.044820539021
2.3580000400543,-32.040990365335
2.3599998950958,-32.036381481557
2.3619999885559,-32.031220104615
2.3640000820160,-32.025730628201
2.3659999370575,-32.020142039400
2.3680000305176,-32.014678832498
2.3699998855591,-32.009563552206
2.3719999790192,-32.005009058399
2.3740000724792,-32.001221024002
2.3759999275208,-31.998394285534
2.3780000209808,-31.996710173484
2.3800001144409,-31.996338252628
2.3819999694824,-31.997431377231
2.3840000629425,-32.000127876934
2.3859999179840,-32.004547013763
2.3880000114441,-32.010790437703
2.3900001049042,-32.018943641984
2.3919999599457,-32.029071589945
2.3940000534058,-32.041219039528
2.3959999084473,-32.055410915852
2.3980000019073,-32.071656733376
2.4000000953674,-32.089940477787
2.4019999504089,-32.110229735006
2.4040000438690,-32.132471110175
2.4059998989105,-32.156593666041
2.4079999923706,-32.182504323689
2.4100000858307,-32.210095140156
2.4119999408722,-32.239236944576
2.4140000343323,-32.269786472668
2.4159998893738,-32.301581739876
2.4179999828339,-32.334447564477
2.4200000762939,-32.368193324261
2.4219999313354,-32.402619879029
2.4240000247955,-32.437512609550
2.4260001182556,-32.472651860940
2.4279999732971,-32.507810264792
2.4300000667572,-32.542757068999
2.4319999217987,-32.577260071687
2.4340000152588,-32.611087549553
2.4360001087189,-32.644014140617
2.4379999637604,-32.675818446850
2.4400000572205,-32.706291917562
2.4419999122620,-32.735238038527
2.4440000057220,-32.762475680923
2.4460000991821,-32.787844393085
2.4479999542236,-32.811203937115
2.4500000476837,-32.832438190674
2.4519999027252,-32.851456059787
2.4539999961853,-32.868196232038
2.4560000896454,-32.882622464263
2.4579999446869,-32.894730939604
2.4600000381470,-32.904545559591
2.4619998931885,-32.912118259473
2.4639999866486,-32.917531728542
2.4660000801086,-32.920893004178
2.4679999351501,-32.922337423557
2.4700000286102,-32.922018738957
2.4719998836517,-32.920115361841
2.4739999771118,-32.916823782783
2.4760000705719,-32.912351888400
2.4779999256134,-32.906922829925
2.4800000190735,-32.900768379445
2.4820001125336,-32.894125575644
2.4839999675751,-32.887235328467
2.4860000610352,-32.880337889008
2.4879999160767,-32.873672334252
2.4900000095367,-32.867472206580
2.4920001029968,-32.861962479121
2.4939999580383,-32.857361142392
2.4960000514984,-32.853871923595
2.4979999065399,-32.851687417053
2.5000000000000,-32.850984149452
2.5020000934601,-32.851925223474
2.5039999485016,-32.854653089738
2.5060000419617,-32.859292829350
2.5079998970032,-32.865952921911
2.5099999904633,-32.874719212838
2.5120000839233,-32.885659127774
2.5139999389648,-32.898817338234
2.5160000324249,-32.914218757271
2.5179998874664,-32.931866607759
2.5199999809265,-32.951740024478
2.5220000743866,-32.973799936047
2.5239999294281,-32.997983753578
2.5260000228882,-33.024204743286
2.5280001163483,-33.052359791156
2.5299999713898,-33.082318928517
2.5320000648499,-33.113935641174
2.5339999198914,-33.147042348309
2.5360000133514,-33.181451781653
2.5380001068115,-33.216956216916
2.5399999618530,-33.253338107301
2.5420000553131,-33.290356351110
2.5439999103546,-33.327763372949
2.5460000038147,-33.365296338302
2.5480000972748,-33.402684669087
2.5499999523163,-33.439654802370
2.5520000457764,-33.475925470543
2.5539999008179,-33.511217428820
2.5559999942780,-33.545259098635
2.5580000877380,-33.577779310686
2.5599999427795,-33.608524821121
2.5620000362396,-33.637253212369
2.5639998912811,-33.663742110075
2.5659999847412,-33.687792928471
2.5680000782013,-33.709230041699
2.5699999332428,-33.727910178756
2.5720000267029,-33.743719723532
2.5739998817444,-33.756576477968
2.5759999752045,-33.766437488438
2.5780000686646,-33.773292868402
2.5799999237061,-33.777169201705
2.5820000171661,-33.778130265380
2.5840001106262,-33.776271851476
2.5859999656677,-33.771726785131
2.5880000591278,-33.764653114156
2.5899999141693,-33.755239485885
2.5920000076294,-33.743700285656
2.5940001010895,-33.730267224181
2.5959999561310,-33.715194397890
2.5980000495911,-33.698745887728
2.5999999046326,-33.681195141546
2.6019999980927,-33.662824391033
2.6040000915527,-33.643916125172
2.6059999465942,-33.624752236293
2.6080000400543,-33.605609194011
2.6099998950958,-33.586758340556
2.6119999885559,-33.568459321635
2.6140000820160,-33.550960971514
2.6159999370575,-33.534493672761
2.6180000305176,-33.519275467929
2.6199998855591,-33.505506043643
2.6219999790192,-33.493365243580
2.6240000724792,-33.483009054841
2.6259999275208,-33.474577750564
2.6280000209808,-33.468187775721
2.6300001144409,-33.463930685199
2.6319999694824,-33.461876375101
2.6340000629425,-33.462074828056
2.6359999179840,-33.464546165021
2.6380000114441,-33.469293151347
2.6400001049042,-33.476291023940
2.6419999599457,-33.485492642833
2.6440000534058,-33.496830051848
2.6459999084473,-33.510208102360
2.6480000019073,-33.525513968738
2.6500000953674,-33.542610260730
2.6519999504089,-33.561339808918
2.6540000438690,-33.581525866185
2.6559998989105,-33.602971908720
2.6579999923706,-33.625465187023
2.6600000858307,-33.648777167561
2.6619999408722,-33.672665145622
2.6640000343323,-33.696873417487
2.6659998893738,-33.721141462752
2.6679999828339,-33.745197455879
2.6700000762939,-33.768769077439
2.6719999313354,-33.791582355813
2.6740000247955,-33.813369731262
2.6760001182556,-33.833865293278
2.6779999732971,-33.852818667349
2.6800000667572,-33.869993081955
2.6819999217987,-33.885168116554
2.6840000152588,-33.898147790776
2.6860001087189,-33.908759004515
2.6879999637604,-33.916860012458
2.6900000572205,-33.922339626743
2.6919999122620,-33.925117599540
2.6940000057220,-33.925152034982
2.6960000991821,-33.922435792983
2.6979999542236,-33.916999515090
2.7000000476837,-33.908907837985
2.7019999027252,-33.898264439766
2.7039999961853,-33.885204130704
2.7060000896454,-33.869896065514
2.7079999446869,-33.852537458597
2.7100000381470,-33.833352441273
2.7119998931885,-33.812590578046
2.7139999866486,-33.790519861005
2.7160000801086,-33.767423869824
2.7179999351501,-33.743601213410
2.7200000286102,-33.719360600059
2.7219998836517,-33.695014490773
2.7239999771118,-33.670879634769
2.7260000705719,-33.647272234746
2.7279999256134,-33.624507387172
2.7300000190735,-33.602891442510
2.7320001125336,-33.582726922150
2.7339999675751,-33.564306539950
2.7360000610352,-33.547911454529
2.7379999160767,-33.533811242147
2.7400000095367,-33.522260599752
2.7420001029968,-33.513505611615
2.7439999580383,-33.507770875667
2.7460000514984,-33.505271962559
2.7479999065399,-33.506207070081
2.7500000000000,-33.510759282728
2.7520000934601,-33.519095593395
2.7539999485016,-33.531369093852
2.7560000419617,-33.547717940625
2.7579998970032,-33.568263380367
2.7599999904633,-33.593115073009
2.7620000839233,-33.622363222532
2.7639999389648,-33.656087166919
2.7660000324249,-33.694352744084
2.7679998874664,-33.737208015290
2.7699999809265,-33.784688357577
2.7720000743866,-33.836816911306
2.7739999294281,-33.893600090553
2.7760000228882,-33.955031333883
2.7780001163483,-34.021090697186
2.7799999713898,-34.091743603809
2.7820000648499,-34.166938585782
2.7839999198914,-34.246613967074
2.7860000133514,-34.330691033625
2.7880001068115,-34.419076161507
2.7899999618530,-34.511660857590
2.7920000553131,-34.608321048020
2.7939999103546,-34.708918127135
2.7960000038147,-34.813298175052
2.7980000972748,-34.921288730641
2.7999999523163,-35.032705524443
2.8020000457764,-35.147347160806
2.8039999008179,-35.264993942796
2.8059999942780,-35.385417814677
2.8080000877380,-35.508368689250
2.8099999427795,-35.633588602893
2.8120000362396,-35.760804326575
2.8139998912811,-35.889731251039
2.8159999847412,-36.020076351856
2.8180000782013,-36.151536548745
2.8199999332428,-36.283803548307
2.8220000267029,-36.416565637380
2.8239998817444,-36.549508485441
2.8259999752045,-36.682322278092
2.8280000686646,-36.814700951428
2.8299999237061,-36.946346440930
2.8320000171661,-37.076972900020
2.8340001106262,-37.206310303409
2.8359999656677,-37.334106884062
2.8380000591278,-37.460134049212
2.8399999141693,-37.584187888156
2.8420000076294,-37.706093028423
2.8440001010895,-37.825703912008
2.8459999561310,-37.942910555636
2.8480000495911,-38.057632186252
2.8499999046326,-38.169826312601
2.8519999980927,-38.279485356006
2.8540000915527,-38.386633516341
2.8559999465942,-38.491330961460
2.8580000400543,-38.593666080115
2.8599998950958,-38.693760516456
2.8619999885559,-38.791759094118
2.8640000820160,-38.887829543564
2.8659999370575,-38.982160959289
2.8680000305176,-39.074957760613
2.8699998855591,-39.166434833673
2.8719999790192,-39.256817451850
2.8740000724792,-39.346335052928
2.8759999275208,-39.435218518465
2.8780000209808,-39.523696533961
2.8800001144409,-39.611991876203
2.8819999694824,-39.700321488082
2.8840000629425,-39.788893175464
2.8859999179840,-39.877898801653
2.8880000114441,-39.967523611084
2.8900001049042,-40.057935136085
2.8919999599457,-40.149284466104
2.8940000534058,-40.241710294428
2.8959999084473,-40.335338072649
2.8980000019073,-40.430274258411
2.9000000953674,-40.526614947099
2.9019999504089,-40.624443368876
2.9040000438690,-40.723829241518
2.9059998989105,-40.824834182662
2.9079999923706,-40.927512440895
2.9100000858307,-41.031910346539
2.9119999408722,-41.138071203410
2.9140000343323,-41.246035253081
2.9159998893738,-41.355846690183
2.9179999828339,-41.467546830273
2.9200000762939,-41.581185378898
2.9219999313354,-41.696816041570
2.9240000247955,-41.814504582937
2.9260001182556,-41.934321953033
2.9279999732971,-42.056354249509
2.9300000667572,-42.180697610731
2.9319999217987,-42.307461338811
2.9340000152588,-42.436767282287
2.9360001087189,-42.568747728502
2.9379999637604,-42.703549039192
2.9400000572205,-42.841323105894
2.9419999122620,-42.982227987947
2.9440000057220,-43.126423840298
2.9460000991821,-43.274070815457
2.9479999542236,-43.425315578062
2.9500000476837,-43.580293930434
2.9519999027252,-43.739113104723
2.9539999961853,-43.901848782179
2.9560000896454,-44.068529638610
2.9579999446869,-44.239122935093
2.9600000381470,-44.413519577205
2.9619998931885,-44.591518639446
2.9639999866486,-44.772799042513
2.9660000801086,-44.956904132534
2.9679999351501,-45.143209676253
2.9700000286102,-45.330899886849
2.9719998836517,-45.518939876001
2.9739999771118,-45.706043284151
2.9760000705719,-45.890652165038
2.9779999256134,-46.070915160313
2.9800000190735,-46.244679082254
2.9820001125336,-46.409499892932
2.9839999675751,-46.562665157999
2.9860000610352,-46.701256361417
2.9879999160767,-46.822227781887
2.9900000095367,-46.922536662052
2.9920001029968,-46.999285805696
2.9939999580383,-47.049897265946
2.9960000514984,-47.072283849797
2.9979999065399,-47.065012548464
3.0000000000000,-47.027425830516
