frequency,refcoef
1.0000000000000,-18.695791068362
1.0019999742508,-18.671400306043
1.0039999485016,-18.649523253003
1.0060000419617,-18.630073202091
1.0080000162125,-18.612964324322
1.0099999904633,-18.598109180849
1.0119999647141,-18.585416961113
1.0140000581741,-18.574799018683
1.0160000324249,-18.566162641737
1.0180000066757,-18.559415682324
1.0199999809265,-18.554464965838
1.0219999551773,-18.551214961491
1.0240000486374,-18.549572746122
1.0260000228882,-18.549442260778
1.0279999971390,-18.550727215874
1.0299999713898,-18.553332845804
1.0319999456406,-18.557164368557
1.0340000391006,-18.562126733599
1.0360000133514,-18.568125321582
1.0379999876022,-18.575067920995
1.0399999618530,-18.582862330868
1.0420000553131,-18.591418293716
1.0440000295639,-18.600648384755
1.0460000038147,-18.610466026931
1.0479999780655,-18.620786178798
1.0499999523163,-18.631529164787
1.0520000457764,-18.642617759715
1.0540000200272,-18.653976824809
1.0559999942780,-18.665535779127
1.0579999685287,-18.677228730451
1.0599999427795,-18.688992050516
1.0620000362396,-18.700768994245
1.0640000104904,-18.712506266700
1.0659999847412,-18.724155299703
1.0679999589920,-18.735673114760
1.0700000524521,-18.747021295323
1.0720000267029,-18.758168541620
1.0740000009537,-18.769087616032
1.0759999752045,-18.779755515122
1.0779999494553,-18.790157398811
1.0800000429153,-18.800283143281
1.0820000171661,-18.810125354212
1.0839999914169,-18.819686179414
1.0859999656677,-18.828970307815
1.0880000591278,-18.837987125412
1.0900000333786,-18.846751397000
1.0920000076294,-18.855284218495
1.0939999818802,-18.863608416125
1.0959999561310,-18.871752658209
1.0980000495911,-18.879748568189
1.1000000238419,-18.887631550234
1.1019999980927,-18.895439934693
1.1039999723434,-18.903215402772
1.1059999465942,-18.911001780727
1.1080000400543,-18.918845655497
1.1100000143051,-18.926795748772
1.1119999885559,-18.934901267100
1.1139999628067,-18.943213330726
1.1160000562668,-18.951784900560
1.1180000305176,-18.960668364404
1.1200000047684,-18.969917212898
1.1219999790192,-18.979585767860
1.1239999532700,-18.989726727982
1.1260000467300,-19.000394483615
1.1280000209808,-19.011640796062
1.1299999952316,-19.023519399273
1.1319999694824,-19.036080143036
1.1339999437332,-19.049374696819
1.1360000371933,-19.063451367346
1.1380000114441,-19.078358560634
1.1399999856949,-19.094144703455
1.1419999599457,-19.110853824555
1.1440000534058,-19.128529958501
1.1460000276566,-19.147215185546
1.1480000019073,-19.166949811735
1.1499999761581,-19.187775101604
1.1519999504089,-19.209726649403
1.1540000438690,-19.232841462455
1.1560000181198,-19.257153524808
1.1579999923706,-19.282694507309
1.1599999666214,-19.309497368847
1.1619999408722,-19.337589997454
1.1640000343323,-19.367001945262
1.1660000085831,-19.397758839960
1.1679999828339,-19.429885093127
1.1699999570847,-19.463405862292
1.1720000505447,-19.498342732197
1.1740000247955,-19.534716844941
1.1759999990463,-19.572546641174
1.1779999732971,-19.611852925897
1.1799999475479,-19.652651230833
1.1820000410080,-19.694958893232
1.1840000152588,-19.738790320994
1.1859999895096,-19.784160857630
1.1879999637604,-19.831082773737
1.1900000572205,-19.879568214096
1.1920000314713,-19.929628941741
1.1940000057220,-19.981275240323
1.1959999799728,-20.034516689635
1.1979999542236,-20.089362627442
1.2000000476837,-20.145820821514
1.2020000219345,-20.203898485102
1.2039999961853,-20.263601781967
1.2059999704361,-20.324936407255
1.2079999446869,-20.387908130967
1.2100000381470,-20.452519991420
1.2120000123978,-20.518775823979
1.2139999866486,-20.586677928177
1.2159999608994,-20.656228051127
1.2180000543594,-20.727426641124
1.2200000286102,-20.800275037084
1.2220000028610,-20.874770841199
1.2239999771118,-20.950912650864
1.2259999513626,-21.028697743481
1.2280000448227,-21.108120338907
1.2300000190735,-21.189177434313
1.2319999933243,-21.271861864331
1.2339999675751,-21.356165321156
1.2359999418259,-21.442079723307
1.2380000352859,-21.529595499594
1.2400000095367,-21.618698610073
1.2419999837875,-21.709379082896
1.2439999580383,-21.801619622245
1.2460000514984,-21.895404951193
1.2480000257492,-21.990715975415
1.2500000000000,-22.087533819047
1.2519999742508,-22.185837398479
1.2539999485016,-22.285601463690
1.2560000419617,-22.386801489206
1.2580000162125,-22.489409578011
1.2599999904633,-22.593396964517
1.2619999647141,-22.698730341305
1.2640000581741,-22.805377586270
1.2660000324249,-22.913302277380
1.2680000066757,-23.022464671231
1.2699999809265,-23.132827121987
1.2719999551773,-23.244345135015
1.2740000486374,-23.356974798486
1.2760000228882,-23.470669644348
1.2779999971390,-23.585381773388
1.2799999713898,-23.701058002873
1.2819999456406,-23.817648026151
1.2840000391006,-23.935097094261
1.2860000133514,-24.053347244049
1.2879999876022,-24.172342887608
1.2899999618530,-24.292023224464
1.2920000553131,-24.412329432608
1.2940000295639,-24.533199342049
1.2960000038147,-24.654569944255
1.2979999780655,-24.776380230385
1.2999999523163,-24.898564619732
1.3020000457764,-25.021060520848
1.3040000200272,-25.143805801517
1.3059999942780,-25.266736291271
1.3079999685287,-25.389789629905
1.3099999427795,-25.512904440893
1.3120000362396,-25.636021192867
1.3140000104904,-25.759081077146
1.3159999847412,-25.882027277024
1.3179999589920,-26.004804041855
1.3200000524521,-26.127359853981
1.3220000267029,-26.249645026170
1.3240000009537,-26.371612177778
1.3259999752045,-26.493216772450
1.3279999494553,-26.614417750549
1.3300000429153,-26.735178559948
1.3320000171661,-26.855463888578
1.3339999914169,-26.975243082195
1.3359999656677,-27.094490328514
1.3380000591278,-27.213179780549
1.3400000333786,-27.331292488671
1.3420000076294,-27.448812878684
1.3439999818802,-27.565725229963
1.3459999561310,-27.682019658968
1.3480000495911,-27.797690756297
1.3500000238419,-27.912731814110
1.3519999980927,-28.027141341778
1.3539999723434,-28.140919920228
1.3559999465942,-28.254067868010
1.3580000400543,-28.366591050196
1.3600000143051,-28.478491076164
1.3619999885559,-28.589774704445
1.3639999628067,-28.700446727789
1.3660000562668,-28.810512995662
1.3680000305176,-28.919979871991
1.3700000047684,-29.028849610684
1.3719999790192,-29.137126391462
1.3739999532700,-29.244812783827
1.3760000467300,-29.351908646143
1.3780000209808,-29.458410889934
1.3799999952316,-29.564316665788
1.3819999694824,-29.669618277519
1.3839999437332,-29.774307595942
1.3860000371933,-29.878370003668
1.3880000114441,-29.981792700390
1.3899999856949,-30.084555988924
1.3919999599457,-30.186639601686
1.3940000534058,-30.288018982040
1.3960000276566,-30.388667642607
1.3980000019073,-30.488557056801
1.3999999761581,-30.587655570620
1.4019999504089,-30.685928945516
1.4040000438690,-30.783341601033
1.4060000181198,-30.879858243114
1.4079999923706,-30.975440468967
1.4099999666214,-31.070049676476
1.4119999408722,-31.163648877360
1.4140000343323,-31.256198681369
1.4160000085831,-31.347662522291
1.4179999828339,-31.438006139133
1.4199999570847,-31.527194192171
1.4220000505447,-31.615196114669
1.4240000247955,-31.701983655808
1.4259999990463,-31.787530514554
1.4279999732971,-31.871817367182
1.4299999475479,-31.954824449412
1.4320000410080,-32.036539687059
1.4340000152588,-32.116953306344
1.4359999895096,-32.196062938551
1.4379999637604,-32.273869658366
1.4400000572205,-32.350378057730
1.4420000314713,-32.425598238967
1.4440000057220,-32.499547313746
1.4459999799728,-32.572243648284
1.4479999542236,-32.643711766210
1.4500000476837,-32.713979230734
1.4520000219345,-32.783079276723
1.4539999961853,-32.851044010279
1.4559999704361,-32.917912423638
1.4579999446869,-32.983722868609
1.4600000381470,-33.048515780849
1.4620000123978,-33.112334485987
1.4639999866486,-33.175219391615
1.4659999608994,-33.237212797863
1.4680000543594,-33.298354433333
1.4700000286102,-33.358683081958
1.4720000028610,-33.418238434664
1.4739999771118,-33.477050947275
1.4759999513626,-33.535156185772
1.4780000448227,-33.592578712406
1.4800000190735,-33.649342627518
1.4819999933243,-33.705468229649
1.4839999675751,-33.760969000835
1.4859999418259,-33.815857390797
1.4880000352859,-33.870135792931
1.4900000095367,-33.923804599816
1.4919999837875,-33.976859606715
1.4939999580383,-34.029290842892
1.4960000514984,-34.081082504483
1.4980000257492,-34.132216976456
1.5000000000000,-34.182670636895
1.5019999742508,-34.232416002602
1.5039999485016,-34.281422129387
1.5060000419617,-34.329655832596
1.5080000162125,-34.377082414003
1.5099999904633,-34.423662878689
1.5119999647141,-34.469361192335
1.5140000581741,-34.514137713093
1.5160000324249,-34.557952060555
1.5180000066757,-34.600771180580
1.5199999809265,-34.642558153485
1.5219999551773,-34.683279894586
1.5240000486374,-34.722904638018
1.5260000228882,-34.761409751147
1.5279999971390,-34.798772277117
1.5299999713898,-34.834975875094
1.5319999456406,-34.870007516326
1.5340000391006,-34.903862953099
1.5360000133514,-34.936542723075
1.5379999876022,-34.968052546144
1.5399999618530,-34.998403725257
1.5420000553131,-35.027615346513
1.5440000295639,-35.055711787971
1.5460000038147,-35.082724965802
1.5479999780655,-35.108688018443
1.5499999523163,-35.133645746635
1.5520000457764,-35.157640247184
1.5540000200272,-35.180723923920
1.5559999942780,-35.202948031400
1.5579999685287,-35.224370936071
1.5599999427795,-35.245047228801
1.5620000362396,-35.265039237804
1.5640000104904,-35.284405325230
1.5659999847412,-35.303206071014
1.5679999589920,-35.321499021389
1.5700000524521,-35.339342198832
1.5720000267029,-35.356789448608
1.5740000009537,-35.373891762117
1.5759999752045,-35.390695709590
1.5779999494553,-35.407245272253
1.5800000429153,-35.423578976083
1.5820000171661,-35.439726928906
1.5839999914169,-35.455716527390
1.5859999656677,-35.471568722078
1.5880000591278,-35.487296374100
1.5900000333786,-35.502907414478
1.5920000076294,-35.518401258241
1.5939999818802,-35.533772825490
1.5959999561310,-35.549006184069
1.5980000495911,-35.564084599698
1.6000000238419,-35.578980519081
1.6019999980927,-35.593663338609
1.6039999723434,-35.608094844222
1.6059999465942,-35.622232205289
1.6080000400543,-35.636029758947
1.6100000143051,-35.649437707571
1.6119999885559,-35.662401283342
1.6139999628067,-35.674864305164
1.6160000562668,-35.686770074252
1.6180000305176,-35.698061147425
1.6200000047684,-35.708677439494
1.6219999790192,-35.718563788565
1.6239999532700,-35.727664309073
1.6260000467300,-35.735926087492
1.6280000209808,-35.743301544515
1.6299999952316,-35.749743838609
1.6319999694824,-35.755214335478
1.6339999437332,-35.759681091293
1.6360000371933,-35.763112014929
1.6380000114441,-35.765489351740
1.6399999856949,-35.766798094872
1.6419999599457,-35.767030778686
1.6440000534058,-35.766189262912
1.6460000276566,-35.764280581176
1.6480000019073,-35.761320552473
1.6499999761581,-35.757332382433
1.6519999504089,-35.752346065077
1.6540000438690,-35.746397557729
1.6560000181198,-35.739529421754
1.6579999923706,-35.731788229304
1.6599999666214,-35.723226437143
1.6619999408722,-35.713901212788
1.6640000343323,-35.703871719903
1.6660000085831,-35.693199644988
1.6679999828339,-35.681947920391
1.6699999570847,-35.670179873335
1.6720000505447,-35.657959835471
1.6740000247955,-35.645348921906
1.6759999990463,-35.632409077634
1.6779999732971,-35.619196198173
1.6799999475479,-35.605765563252
1.6820000410080,-35.592165932208
1.6840000152588,-35.578443380142
1.6859999895096,-35.564636222289
1.6879999637604,-35.550778578441
1.6900000572205,-35.536899313544
1.6920000314713,-35.523017648368
1.6940000057220,-35.509147975142
1.6959999799728,-35.495298084862
1.6979999542236,-35.481468065831
1.7000000476837,-35.467650809548
1.7020000219345,-35.453832579098
1.7039999961853,-35.439993822364
1.7059999704361,-35.426109012782
1.7079999446869,-35.412144576397
1.7100000381470,-35.398065634056
1.7120000123978,-35.383827592098
1.7139999866486,-35.369385870933
1.7159999608994,-35.354689590800
1.7180000543594,-35.339687965895
1.7200000286102,-35.324325291129
1.7220000028610,-35.308547135380
1.7239999771118,-35.292300298060
1.7259999513626,-35.275528545627
1.7280000448227,-35.258178862381
1.7300000190735,-35.240201782037
1.7319999933243,-35.221552333441
1.7339999675751,-35.202185128721
1.7359999418259,-35.182065705449
1.7380000352859,-35.161160016434
1.7400000095367,-35.139445173374
1.7419999837875,-35.116900873203
1.7439999580383,-35.093517693109
1.7460000514984,-35.069291419222
1.7480000257492,-35.044228439177
1.7500000000000,-35.018340087909
1.7519999742508,-34.991645712260
1.7539999485016,-34.964177391395
1.7560000419617,-34.935967960755
1.7580000162125,-34.907061593024
1.7599999904633,-34.877509949634
1.7619999647141,-34.847368635553
1.7640000581741,-34.816698054714
1.7660000324249,-34.785566719521
1.7680000066757,-34.754044382121
1.7699999809265,-34.722203126029
1.7719999551773,-34.690122711995
1.7740000486374,-34.657875976926
1.7760000228882,-34.625544146776
1.7779999971390,-34.593201104170
1.7799999713898,-34.560925004957
1.7819999456406,-34.528787565165
1.7840000391006,-34.496858598446
1.7860000133514,-34.465205665754
1.7879999876022,-34.433889144280
1.7899999618530,-34.402963475809
1.7920000553131,-34.372481403444
1.7940000295639,-34.342482442173
1.7960000038147,-34.313005139669
1.7979999780655,-34.284075599619
1.7999999523163,-34.255714772764
1.8020000457764,-34.227935029806
1.8040000200272,-34.200739800775
1.8059999942780,-34.174123610653
1.8079999685287,-34.148073677004
1.8099999427795,-34.122569019443
1.8120000362396,-34.097578716144
1.8140000104904,-34.073066554720
1.8159999847412,-34.048985637057
1.8179999589920,-34.025286634321
1.8200000524521,-34.001910467442
1.8220000267029,-33.978792932226
1.8240000009537,-33.955865268759
1.8259999752045,-33.933056628960
1.8279999494553,-33.910290276353
1.8300000429153,-33.887488281844
1.8320000171661,-33.864572941291
1.8339999914169,-33.841466575748
1.8359999656677,-33.818092464436
1.8380000591278,-33.794377163850
1.8400000333786,-33.770250429804
1.8420000076294,-33.745647955568
1.8439999818802,-33.720512406386
1.8459999561310,-33.694792807922
1.8480000495911,-33.668447690412
1.8500000238419,-33.641447565524
1.8519999980927,-33.613770005409
1.8539999723434,-33.585406981843
1.8559999465942,-33.556363021250
1.8580000400543,-33.526654650503
1.8600000143051,-33.496312852020
1.8619999885559,-33.465383809435
1.8639999628067,-33.433923631916
1.8660000562668,-33.402006818639
1.8680000305176,-33.369720415434
1.8700000047684,-33.337164374953
1.8719999790192,-33.304452549631
1.8739999532700,-33.271710919534
1.8760000467300,-33.239077898177
1.8780000209808,-33.206703064672
1.8799999952316,-33.174745375667
1.8819999694824,-33.143373168175
1.8839999437332,-33.112765721935
1.8860000371933,-33.083107096455
1.8880000114441,-33.054588361453
1.8899999856949,-33.027406229775
1.8919999599457,-33.001762293134
1.8940000534058,-32.977862154742
1.8960000276566,-32.955913606225
1.8980000019073,-32.936127294864
1.8999999761581,-32.918714561062
1.9019999504089,-32.903887280187
1.9040000438690,-32.891859412657
1.9060000181198,-32.882842004508
1.9079999923706,-32.877049755473
1.9099999666214,-32.874690516213
1.9119999408722,-32.875977032795
1.9140000343323,-32.881116858644
1.9160000085831,-32.890317026493
1.9179999828339,-32.903784910829
1.9199999570847,-32.921725000266
1.9220000505447,-32.944339994873
1.9240000247955,-32.971835122229
1.9259999990463,-33.004410456360
1.9279999732971,-33.042269550510
1.9299999475479,-33.085613070836
1.9320000410080,-33.134643164585
1.9340000152588,-33.189564253143
1.9359999895096,-33.250578574317
1.9379999637604,-33.317893063080
1.9400000572205,-33.391713563253
1.9420000314713,-33.472253546532
1.9440000057220,-33.559725451225
1.9459999799728,-33.654346593052
1.9479999542236,-33.756338996661
1.9500000476837,-33.865929880003
1.9520000219345,-33.983352521436
1.9539999961853,-34.108845222511
1.9559999704361,-34.242651397865
1.9579999446869,-34.385024117639
1.9600000381470,-34.536222762832
1.9620000123978,-34.696513575822
1.9639999866486,-34.866170634200
1.9659999608994,-35.045476312583
1.9680000543594,-35.234719882579
1.9700000286102,-35.434193927603
1.9720000028610,-35.644199012149
1.9739999771118,-35.865035825111
1.9759999513626,-36.097004537284
1.9780000448227,-36.340401872267
1.9800000190735,-36.595510229042
1.9819999933243,-36.862595030674
1.9839999675751,-37.141890547729
1.9859999418259,-37.433584568301
1.9880000352859,-37.737802280312
1.9900000095367,-38.054576079004
1.9919999837875,-38.383815751159
1.9939999580383,-38.725262916316
1.9960000514984,-39.078434555123
1.9980000257492,-39.442555748494
2.0000000000000,-39.816462002263
2.0020000934601,-40.198497965647
2.0039999485016,-40.586381554647
2.0060000419617,-40.977053027368
2.0079998970032,-41.366521578020
2.0099999904633,-41.749702813320
2.0120000839233,-42.120318219653
2.0139999389648,-42.470860276989
2.0160000324249,-42.792735415311
2.0179998874664,-43.076604130203
2.0199999809265,-43.313002913541
2.0220000743866,-43.493208950836
2.0239999294281,-43.610254317162
2.0260000228882,-43.659876035455
2.0280001163483,-43.641160395127
2.0299999713898,-43.556683651430
2.0320000648499,-43.412112710327
2.0339999198914,-43.215376832399
2.0360000133514,-42.975660634354
2.0380001068115,-42.702439381731
2.0399999618530,-42.404727612054
2.0420000553131,-42.090595519317
2.0439999103546,-41.766932809617
2.0460000038147,-41.439400170369
2.0480000972748,-41.112508327201
2.0499999523163,-40.789746359802
2.0520000457764,-40.473747230021
2.0539999008179,-40.166441100749
2.0559999942780,-39.869196984138
2.0580000877380,-39.582945160933
2.0599999427795,-39.308272253610
2.0620000362396,-39.045507439983
2.0639998912811,-38.794781170425
2.0659999847412,-38.556079140391
2.0680000782013,-38.329277646768
2.0699999332428,-38.114169600485
2.0720000267029,-37.910496197785
2.0739998817444,-37.717954555587
2.0759999752045,-37.536216393735
2.0780000686646,-37.364933037250
2.0799999237061,-37.203746761547
2.0820000171661,-37.052293140142
2.0840001106262,-36.910206118645
2.0859999656677,-36.777117996981
2.0880000591278,-36.652666451812
2.0899999141693,-36.536490333614
2.0920000076294,-36.428232727167
2.0940001010895,-36.327541755513
2.0959999561310,-36.234070499415
2.0980000495911,-36.147475773295
2.0999999046326,-36.067420273121
2.1019999980927,-35.993572449983
2.1040000915527,-35.925599895353
2.1059999465942,-35.863181552400
2.1080000400543,-35.805996367972
2.1099998950958,-35.753728470438
2.1119999885559,-35.706067852886
2.1140000820160,-35.662706009640
2.1159999370575,-35.623341340824
2.1180000305176,-35.587677883458
2.1199998855591,-35.555424238669
2.1219999790192,-35.526292358818
2.1240000724792,-35.500006335088
2.1259999275208,-35.476290825071
2.1280000209808,-35.454883136404
2.1300001144409,-35.435529824025
2.1319999694824,-35.417980853672
2.1340000629425,-35.402002440435
2.1359999179840,-35.387370196471
2.1380000114441,-35.373871769555
2.1400001049042,-35.361305869663
2.1419999599457,-35.349488545489
2.1440000534058,-35.338247914928
2.1459999084473,-35.327427859107
2.1480000019073,-35.316886124295
2.1500000953674,-35.306500330400
2.1519999504089,-35.296160160726
2.1540000438690,-35.285774341412
2.1559998989105,-35.275267899492
2.1579999923706,-35.264581316576
2.1600000858307,-35.253671280593
2.1619999408722,-35.242510507004
2.1640000343323,-35.231084651334
2.1659998893738,-35.219395911472
2.1679999828339,-35.207456695268
2.1700000762939,-35.195293676239
2.1719999313354,-35.182943417637
2.1740000247955,-35.170451250164
2.1760001182556,-35.157873483064
2.1779999732971,-35.145271668088
2.1800000667572,-35.132711750209
2.1819999217987,-35.120265745119
2.1840000152588,-35.108010333049
2.1860001087189,-35.096020430231
2.1879999637604,-35.084374274857
2.1900000572205,-35.073148174428
2.1919999122620,-35.062418525450
2.1940000057220,-35.052257434321
2.1960000991821,-35.042733285794
2.1979999542236,-35.033911622054
2.2000000476837,-35.025852890108
2.2019999027252,-35.018609435938
2.2039999961853,-35.012231949746
2.2060000896454,-35.006757999297
2.2079999446869,-35.002224215867
2.2100000381470,-34.998657484242
2.2119998931885,-34.996075672706
2.2139999866486,-34.994491364177
2.2160000801086,-34.993911520382
2.2179999351501,-34.994328377622
2.2200000286102,-34.995735015773
2.2219998836517,-34.998112504491
2.2239999771118,-35.001436947068
2.2260000705719,-35.005676937350
2.2279999256134,-35.010797471374
2.2300000190735,-35.016754714780
2.2320001125336,-35.023502689417
2.2339999675751,-35.030988324859
2.2360000610352,-35.039157512946
2.2379999160767,-35.047950132811
2.2400000095367,-35.057305314348
2.2420001029968,-35.067161860716
2.2439999580383,-35.077453153596
2.2460000514984,-35.088115846291
2.2479999065399,-35.099086632815
2.2500000000000,-35.110302245024
2.2520000934601,-35.121701062909
2.2539999485016,-35.133226424716
2.2560000419617,-35.144821259342
2.2579998970032,-35.156435695228
2.2599999904633,-35.168022253103
2.2620000839233,-35.179541781924
2.2639999389648,-35.190955257756
2.2660000324249,-35.202232128871
2.2679998874664,-35.213350315437
2.2699999809265,-35.224291801211
2.2720000743866,-35.235044579688
2.2739999294281,-35.245604656345
2.2760000228882,-35.255974505394
2.2780001163483,-35.266161774113
2.2799999713898,-35.276181650090
2.2820000648499,-35.286056466930
2.2839999198914,-35.295811410200
2.2860000133514,-35.305480493014
2.2880001068115,-35.315097622081
2.2899999618530,-35.324707018037
2.2920000553131,-35.334351445146
2.2939999103546,-35.344078423492
2.2960000038147,-35.353939593164
2.2980000972748,-35.363987049558
2.2999999523163,-35.374271561319
2.3020000457764,-35.384848992992
2.3039999008179,-35.395769398377
2.3059999942780,-35.407087489617
2.3080000877380,-35.418851906996
2.3099999427795,-35.431111751026
2.3120000362396,-35.443911052461
2.3139998912811,-35.457291390175
2.3159999847412,-35.471290930140
2.3180000782013,-35.485942395066
2.3199999332428,-35.501275550363
2.3220000267029,-35.517311183273
2.3239998817444,-35.534068782931
2.3259999752045,-35.551558420812
2.3280000686646,-35.569787308971
2.3299999237061,-35.588753585273
2.3320000171661,-35.608451653300
2.3340001106262,-35.628868334475
2.3359999656677,-35.649983761363
2.3380000591278,-35.671773188016
2.3399999141693,-35.694204996963
2.3420000076294,-35.717242112352
2.3440001010895,-35.740842842021
2.3459999561310,-35.764959107800
2.3480000495911,-35.789537782620
2.3499999046326,-35.814523464699
2.3519999980927,-35.839854868378
2.3540000915527,-35.865468926466
2.3559999465942,-35.891300306036
2.3580000400543,-35.917279013903
2.3599998950958,-35.943338184119
2.3619999885559,-35.969405460564
2.3640000820160,-35.995413620009
2.3659999370575,-36.021293738147
2.3680000305176,-36.046977554545
2.3699998855591,-36.072401412827
2.3719999790192,-36.097503680574
2.3740000724792,-36.122226217100
2.3759999275208,-36.146518691842
2.3780000209808,-36.170330403447
2.3800001144409,-36.193620915528
2.3819999694824,-36.216353841317
2.3840000629425,-36.238499746142
2.3859999179840,-36.260037012028
2.3880000114441,-36.280951185799
2.3900001049042,-36.301233324751
2.3919999599457,-36.320884129483
2.3940000534058,-36.339911870863
2.3959999084473,-36.358329674676
2.3980000019073,-36.376159906461
2.4000000953674,-36.393431599390
2.4019999504089,-36.410179560444
2.4040000438690,-36.426444566956
2.4059998989105,-36.442273500641
2.4079999923706,-36.457715987999
2.4100000858307,-36.472828717408
2.4119999408722,-36.487669541608
2.4140000343323,-36.502300351640
2.4159998893738,-36.516783204281
2.4179999828339,-36.531183680612
2.4200000762939,-36.545566109058
2.4219999313354,-36.559993409809
2.4240000247955,-36.574531029462
2.4260001182556,-36.589238804235
2.4279999732971,-36.604175919455
2.4300000667572,-36.619397682500
2.4319999217987,-36.634956460224
2.4340000152588,-36.650899555271
2.4360001087189,-36.667269534550
2.4379999637604,-36.684104068804
2.4400000572205,-36.701434803532
2.4419999122620,-36.719287406171
2.4440000057220,-36.737681283257
2.4460000991821,-36.756629682788
2.4479999542236,-36.776139815789
2.4500000476837,-36.796211425771
2.4519999027252,-36.816837591533
2.4539999961853,-36.838005938668
2.4560000896454,-36.859697091818
2.4579999446869,-36.881885310575
2.4600000381470,-36.904539693532
2.4619998931885,-36.927623655522
2.4639999866486,-36.951095935184
2.4660000801086,-36.974909927228
2.4679999351501,-36.999016036023
2.4700000286102,-37.023359406473
2.4719998836517,-37.047884381333
2.4739999771118,-37.072533512506
2.4760000705719,-37.097244052906
2.4779999256134,-37.121958049193
2.4800000190735,-37.146612986910
2.4820001125336,-37.171150658215
2.4839999675751,-37.195512488500
2.4860000610352,-37.219642735803
2.4879999160767,-37.243489456432
2.4900000095367,-37.267005565618
2.4920001029968,-37.290144790488
2.4939999580383,-37.312869916842
2.4960000514984,-37.335149312814
2.4979999065399,-37.356954923224
2.5000000000000,-37.378269892254
2.5020000934601,-37.399079913251
2.5039999485016,-37.419381928201
2.5060000419617,-37.439178405999
2.5079998970032,-37.458479943935
2.5099999904633,-37.477305983137
2.5120000839233,-37.495681790835
2.5139999389648,-37.513640858448
2.5160000324249,-37.531222514215
2.5179998874664,-37.548476003912
2.5199999809265,-37.565452805258
2.5220000743866,-37.582212330929
2.5239999294281,-37.598818184813
2.5260000228882,-37.615337422297
2.5280001163483,-37.631842205434
2.5299999713898,-37.648407518332
2.5320000648499,-37.665107225231
2.5339999198914,-37.682019850785
2.5360000133514,-37.699223073653
2.5380001068115,-37.716794006619
2.5399999618530,-37.734807470883
2.5420000553131,-37.753339769098
2.5439999103546,-37.772460124620
2.5460000038147,-37.792236032204
2.5480000972748,-37.812732384461
2.5499999523163,-37.834007950961
2.5520000457764,-37.856116374884
2.5539999008179,-37.879105415352
2.5559999942780,-37.903017116969
2.5580000877380,-37.927885982790
2.5599999427795,-37.953740777795
2.5620000362396,-37.980601938799
2.5639998912811,-38.008483431392
2.5659999847412,-38.037389982192
2.5680000782013,-38.067321190965
2.5699999332428,-38.098266178528
2.5720000267029,-38.130208082628
2.5739998817444,-38.163123032193
2.5759999752045,-38.196977220444
2.5780000686646,-38.231733269778
2.5799999237061,-38.267344020469
2.5820000171661,-38.303757845296
2.5840001106262,-38.340916166603
2.5859999656677,-38.378754868297
2.5880000591278,-38.417206149861
2.5899999141693,-38.456197853720
2.5920000076294,-38.495653596310
2.5940001010895,-38.535494959736
2.5959999561310,-38.575643512212
2.5980000495911,-38.616017749783
2.5999999046326,-38.656535965996
2.6019999980927,-38.697119690473
2.6040000915527,-38.737691358553
2.6059999465942,-38.778175940687
2.6080000400543,-38.818503721065
2.6099998950958,-38.858607236389
2.6119999885559,-38.898429259830
2.6140000820160,-38.937914882142
2.6159999370575,-38.977018383047
2.6180000305176,-39.015703135679
2.6199998855591,-39.053939061082
2.6219999790192,-39.091708169325
2.6240000724792,-39.128998903872
2.6259999275208,-39.165811570198
2.6280000209808,-39.202156090362
2.6300001144409,-39.238052495637
2.6319999694824,-39.273529829693
2.6340000629425,-39.308627977706
2.6359999179840,-39.343394757282
2.6380000114441,-39.377887389372
2.6400001049042,-39.412171213007
2.6419999599457,-39.446317912708
2.6440000534058,-39.480405532655
2.6459999084473,-39.514517475766
2.6480000019073,-39.548743218041
2.6500000953674,-39.583172984810
2.6519999504089,-39.617899897312
2.6540000438690,-39.653021343665
2.6559998989105,-39.688629051359
2.6579999923706,-39.724816084977
2.6600000858307,-39.761675681005
2.6619999408722,-39.799292558250
2.6640000343323,-39.837749115439
2.6659998893738,-39.877124539995
2.6679999828339,-39.917486038387
2.6700000762939,-39.958895842873
2.6719999313354,-40.001408759422
2.6740000247955,-40.045065015965
2.6760001182556,-40.089898780755
2.6779999732971,-40.135930569327
2.6800000667572,-40.183170376580
2.6819999217987,-40.231614037664
2.6840000152588,-40.281243748658
2.6860001087189,-40.332028856606
2.6879999637604,-40.383924643331
2.6900000572205,-40.436870829260
2.6919999122620,-40.490792420671
2.6940000057220,-40.545601159525
2.6960000991821,-40.601190855165
2.6979999542236,-40.657446254942
2.7000000476837,-40.714231214851
2.7019999027252,-40.771402785984
2.7039999961853,-40.828799222497
2.7060000896454,-40.886250306127
2.7079999446869,-40.943574846655
2.7100000381470,-41.000580709860
2.7119998931885,-41.057070651468
2.7139999866486,-41.112839130173
2.7160000801086,-41.167675531629
2.7179999351501,-41.221372847867
2.7200000286102,-41.273718420322
2.7219998836517,-41.324506517329
2.7239999771118,-41.373538800218
2.7260000705719,-41.420621676831
2.7279999256134,-41.465575819946
2.7300000190735,-41.508235162955
2.7320001125336,-41.548451527728
2.7339999675751,-41.586095690911
2.7360000610352,-41.621060797908
2.7379999160767,-41.653260924319
2.7400000095367,-41.682639533015
2.7420001029968,-41.709165708912
2.7439999580383,-41.732832622746
2.7460000514984,-41.753666633441
2.7479999065399,-41.771718360810
2.7500000000000,-41.787065178654
2.7520000934601,-41.799814091158
2.7539999485016,-41.810092579977
2.7560000419617,-41.818055170971
2.7579998970032,-41.823875265702
2.7599999904633,-41.827743997444
2.7620000839233,-41.829872101208
2.7639999389648,-41.830480672513
2.7660000324249,-41.829802060033
2.7679998874664,-41.828077252533
2.7699999809265,-41.825553698298
2.7720000743866,-41.822479094186
2.7739999294281,-41.819102436256
2.7760000228882,-41.815670688237
2.7780001163483,-41.812428120946
2.7799999713898,-41.809609072306
2.7820000648499,-41.807445285726
2.7839999198914,-41.806154198473
2.7860000133514,-41.805945729907
2.7880001068115,-41.807016315775
2.7899999618530,-41.809550916628
2.7920000553131,-41.813723078551
2.7939999103546,-41.819686744994
2.7960000038147,-41.827586954532
2.7980000972748,-41.837552195819
2.7999999523163,-41.849695611939
2.8020000457764,-41.864115603494
2.8039999008179,-41.880897602842
2.8059999942780,-41.900110081538
2.8080000877380,-41.921806253842
2.8099999427795,-41.946027858612
2.8120000362396,-41.972799804770
2.8139998912811,-42.002135141171
2.8159999847412,-42.034033578620
2.8180000782013,-42.068478705582
2.8199999332428,-42.105445681101
2.8220000267029,-42.144893607748
2.8239998817444,-42.186773570003
2.8259999752045,-42.231023618933
2.8280000686646,-42.277571425743
2.8299999237061,-42.326336041484
2.8320000171661,-42.377227099266
2.8340001106262,-42.430145237298
2.8359999656677,-42.484985508222
2.8380000591278,-42.541635712256
2.8399999141693,-42.599976600948
2.8420000076294,-42.659890172699
2.8440001010895,-42.721249040154
2.8459999561310,-42.783926692729
2.8480000495911,-42.847797198011
2.8499999046326,-42.912732562081
2.8519999980927,-42.978609248888
2.8540000915527,-43.045306376305
2.8559999465942,-43.112706794078
2.8580000400543,-43.180700849815
2.8599998950958,-43.249186609657
2.8619999885559,-43.318069534441
2.8640000820160,-43.387265283363
2.8659999370575,-43.456704279934
2.8680000305176,-43.526324334800
2.8699998855591,-43.596079146743
2.8719999790192,-43.665937076409
2.8740000724792,-43.735879550252
2.8759999275208,-43.805905234639
2.8780000209808,-43.876025525227
2.8800001144409,-43.946269655856
2.8819999694824,-44.016683057815
2.8840000629425,-44.087322907363
2.8859999179840,-44.158265836211
2.8880000114441,-44.229598682055
2.8900001049042,-44.301423957623
2.8919999599457,-44.373855616527
2.8940000534058,-44.447021275681
2.8959999084473,-44.521055305800
2.8980000019073,-44.596105845920
2.9000000953674,-44.672325460902
2.9019999504089,-44.749874758658
2.9040000438690,-44.828921083063
2.9059998989105,-44.909632144031
2.9079999923706,-44.992183089719
2.9100000858307,-45.076747084278
2.9119999408722,-45.163500188637
2.9140000343323,-45.252616430052
2.9159998893738,-45.344267667800
2.9179999828339,-45.438623815182
2.9200000762939,-45.535850521072
2.9219999313354,-45.636108408463
2.9240000247955,-45.739552249423
2.9260001182556,-45.846331234714
2.9279999732971,-45.956586505353
2.9300000667572,-46.070453037446
2.9319999217987,-46.188054203781
2.9340000152588,-46.309504083665
2.9360001087189,-46.434913334079
2.9379999637604,-46.564372920866
2.9400000572205,-46.697969003400
2.9419999122620,-46.835774011619
2.9440000057220,-46.977846831178
2.9460000991821,-47.124234123700
2.9479999542236,-47.274969501987
2.9500000476837,-47.430068386845
2.9519999027252,-47.589535202630
2.9539999961853,-47.753352688249
2.9560000896454,-47.921490429484
2.9579999446869,-48.093893311558
2.9600000381470,-48.270492086127
2.9619998931885,-48.451189107539
2.9639999866486,-48.635867653309
2.9660000801086,-48.824383233105
2.9679999351501,-49.016566116014
2.9700000286102,-49.212215358777
2.9719998836517,-49.411099541474
2.9739999771118,-49.612953751983
2.9760000705719,-49.817477502149
2.9779999256134,-50.024331430183
2.9800000190735,-50.233135790849
2.9820001125336,-50.443469902707
2.9839999675751,-50.654865092132
2.9860000610352,-50.866811293966
2.9879999160767,-51.078746884186
2.9900000095367,-51.290066611128
2.9920001029968,-51.500116283673
2.9939999580383,-51.708197640793
2.9960000514984,-51.913566872535
2.9979999065399,-52.115444910913
3.0000000000000,-52.313020656214
