frequency,refcoef
1.0000000000000,-19.047976193809
1.0019999742508,-19.061766644757
1.0039999485016,-19.079154691191
1.0060000419617,-19.099912875166
1.0080000162125,-19.123804391404
1.0099999904633,-19.150587915873
1.0119999647141,-19.180013465736
1.0140000581741,-19.211825834820
1.0160000324249,-19.245765872222
1.0180000066757,-19.281570238698
1.0199999809265,-19.318975620954
1.0219999551773,-19.357717083539
1.0240000486374,-19.397532998533
1.0260000228882,-19.438164838045
1.0279999971390,-19.479359778948
1.0299999713898,-19.520873648729
1.0319999456406,-19.562470752097
1.0340000391006,-19.603931081712
1.0360000133514,-19.645044662163
1.0379999876022,-19.685619541461
1.0399999618530,-19.725481525916
1.0420000553131,-19.764475277668
1.0440000295639,-19.802466701576
1.0460000038147,-19.839341841352
1.0479999780655,-19.875010152020
1.0499999523163,-19.909404016698
1.0520000457764,-19.942474714022
1.0540000200272,-19.974198886436
1.0559999942780,-20.004572648786
1.0579999685287,-20.033611277091
1.0599999427795,-20.061347803891
1.0620000362396,-20.087833040601
1.0640000104904,-20.113130977808
1.0659999847412,-20.137318398179
1.0679999589920,-20.160480215970
1.0700000524521,-20.182711424594
1.0720000267029,-20.204108309094
1.0740000009537,-20.224771612742
1.0759999752045,-20.244801690100
1.0779999494553,-20.264296994782
1.0800000429153,-20.283351832775
1.0820000171661,-20.302054630683
1.0839999914169,-20.320484912347
1.0859999656677,-20.338714430961
1.0880000591278,-20.356804634866
1.0900000333786,-20.374804221886
1.0920000076294,-20.392751888972
1.0939999818802,-20.410674196971
1.0959999561310,-20.428584977745
1.0980000495911,-20.446485854612
1.1000000238419,-20.464367458155
1.1019999980927,-20.482210466525
1.1039999723434,-20.499982011490
1.1059999465942,-20.517645224667
1.1080000400543,-20.535153171840
1.1100000143051,-20.552451793007
1.1119999885559,-20.569484557759
1.1139999628067,-20.586190094788
1.1160000562668,-20.602508893914
1.1180000305176,-20.618377236391
1.1200000047684,-20.633739155050
1.1219999790192,-20.648538791780
1.1239999532700,-20.662729048337
1.1260000467300,-20.676265535315
1.1280000209808,-20.689118725172
1.1299999952316,-20.701264142120
1.1319999694824,-20.712691462413
1.1339999437332,-20.723398596762
1.1360000371933,-20.733399612385
1.1380000114441,-20.742720453519
1.1399999856949,-20.751397260396
1.1419999599457,-20.759481468790
1.1440000534058,-20.767033547133
1.1460000276566,-20.774129861589
1.1480000019073,-20.780852852262
1.1499999761581,-20.787298152636
1.1519999504089,-20.793565398171
1.1540000438690,-20.799764023298
1.1560000181198,-20.806007523756
1.1579999923706,-20.812414909880
1.1599999666214,-20.819104955192
1.1619999408722,-20.826197523492
1.1640000343323,-20.833814551162
1.1660000085831,-20.842071252700
1.1679999828339,-20.851081500667
1.1699999570847,-20.860953570586
1.1720000505447,-20.871788689700
1.1740000247955,-20.883683398095
1.1759999990463,-20.896721123293
1.1779999732971,-20.910980048897
1.1799999475479,-20.926527100355
1.1820000410080,-20.943419554206
1.1840000152588,-20.961703019157
1.1859999895096,-20.981413233256
1.1879999637604,-21.002573882198
1.1900000572205,-21.025198562171
1.1920000314713,-21.049291423355
1.1940000057220,-21.074845387669
1.1959999799728,-21.101843372228
1.1979999542236,-21.130259670820
1.2000000476837,-21.160062290652
1.2020000219345,-21.191209579897
1.2039999961853,-21.223655858280
1.2059999704361,-21.257347923479
1.2079999446869,-21.292230830148
1.2100000381470,-21.328245227247
1.2120000123978,-21.365331265286
1.2139999866486,-21.403426916985
1.2159999608994,-21.442474602970
1.2180000543594,-21.482413908949
1.2200000286102,-21.523192913944
1.2220000028610,-21.564760560175
1.2239999771118,-21.607072202876
1.2259999513626,-21.650091037307
1.2280000448227,-21.693785293145
1.2300000190735,-21.738132219671
1.2319999933243,-21.783117979353
1.2339999675751,-21.828736849507
1.2359999418259,-21.874993598396
1.2380000352859,-21.921898730315
1.2400000095367,-21.969474335012
1.2419999837875,-22.017752157700
1.2439999580383,-22.066769484487
1.2460000514984,-22.116571445947
1.2480000257492,-22.167209423275
1.2500000000000,-22.218744629493
1.2519999742508,-22.271237355318
1.2539999485016,-22.324752568171
1.2560000419617,-22.379360331301
1.2580000162125,-22.435129696281
1.2599999904633,-22.492128847148
1.2619999647141,-22.550426392410
1.2640000581741,-22.610084951486
1.2660000324249,-22.671166420784
1.2680000066757,-22.733724351092
1.2699999809265,-22.797808566602
1.2719999551773,-22.863458532601
1.2740000486374,-22.930704547965
1.2760000228882,-22.999571638628
1.2779999971390,-23.070070198916
1.2799999713898,-23.142201566572
1.2819999456406,-23.215956145506
1.2840000391006,-23.291310722376
1.2860000133514,-23.368233243724
1.2879999876022,-23.446676756981
1.2899999618530,-23.526585425316
1.2920000553131,-23.607889877331
1.2940000295639,-23.690511697366
1.2960000038147,-23.774361905725
1.2979999780655,-23.859343126778
1.2999999523163,-23.945349519532
1.3020000457764,-24.032269787565
1.3040000200272,-24.119985587405
1.3059999942780,-24.208377526572
1.3079999685287,-24.297322845185
1.3099999427795,-24.386700523433
1.3120000362396,-24.476389640198
1.3140000104904,-24.566274114449
1.3159999847412,-24.656244573441
1.3179999589920,-24.746197166677
1.3200000524521,-24.836038921372
1.3220000267029,-24.925688360435
1.3240000009537,-25.015075214771
1.3259999752045,-25.104143886782
1.3279999494553,-25.192852852957
1.3300000429153,-25.281175809989
1.3320000171661,-25.369103456086
1.3339999914169,-25.456640897742
1.3359999656677,-25.543809730557
1.3380000591278,-25.630643077556
1.3400000333786,-25.717192028118
1.3420000076294,-25.803517195191
1.3439999818802,-25.889692391593
1.3459999561310,-25.975796623653
1.3480000495911,-26.061920530558
1.3500000238419,-26.148153899460
1.3519999980927,-26.234593432933
1.3539999723434,-26.321333510349
1.3559999465942,-26.408466538166
1.3580000400543,-26.496079348516
1.3600000143051,-26.584250505927
1.3619999885559,-26.673049446074
1.3639999628067,-26.762534662121
1.3660000562668,-26.852749748472
1.3680000305176,-26.943721129955
1.3700000047684,-27.035460518371
1.3719999790192,-27.127960119641
1.3739999532700,-27.221192561461
1.3760000467300,-27.315111456515
1.3780000209808,-27.409648961825
1.3799999952316,-27.504718609076
1.3819999694824,-27.600215599540
1.3839999437332,-27.696013324832
1.3860000371933,-27.791972784093
1.3880000114441,-27.887935982548
1.3899999856949,-27.983735447870
1.3919999599457,-28.079192023268
1.3940000534058,-28.174118981484
1.3960000276566,-28.268327748396
1.3980000019073,-28.361628229590
1.3999999761581,-28.453833788807
1.4019999504089,-28.544767160435
1.4040000438690,-28.634262844655
1.4060000181198,-28.722167167008
1.4079999923706,-28.808349760686
1.4099999666214,-28.892700235160
1.4119999408722,-28.975132253162
1.4140000343323,-29.055590102901
1.4160000085831,-29.134044727958
1.4179999828339,-29.210495758212
1.4199999570847,-29.284977935177
1.4220000505447,-29.357548000210
1.4240000247955,-29.428297424981
1.4259999990463,-29.497340836162
1.4279999732971,-29.564816023295
1.4299999475479,-29.630883069367
1.4320000410080,-29.695716423322
1.4340000152588,-29.759502159689
1.4359999895096,-29.822436534420
1.4379999637604,-29.884715828777
1.4400000572205,-29.946538536747
1.4420000314713,-30.008094097556
1.4440000057220,-30.069562410209
1.4459999799728,-30.131109386536
1.4479999542236,-30.192881762542
1.4500000476837,-30.255005345931
1.4520000219345,-30.317581059500
1.4539999961853,-30.380682836886
1.4559999704361,-30.444354464175
1.4579999446869,-30.508609613317
1.4600000381470,-30.573430389610
1.4620000123978,-30.638768569520
1.4639999866486,-30.704541692892
1.4659999608994,-30.770640654327
1.4680000543594,-30.836924552257
1.4700000286102,-30.903228104673
1.4720000028610,-30.969363741154
1.4739999771118,-31.035121375831
1.4759999513626,-31.100278569351
1.4780000448227,-31.164601428082
1.4800000190735,-31.227851144431
1.4819999933243,-31.289787758247
1.4839999675751,-31.350180160121
1.4859999418259,-31.408806908692
1.4880000352859,-31.465467173856
1.4900000095367,-31.519982201903
1.4919999837875,-31.572202095663
1.4939999580383,-31.622011079843
1.4960000514984,-31.669329715829
1.4980000257492,-31.714119551924
1.5000000000000,-31.756383842564
1.5019999742508,-31.796166307234
1.5039999485016,-31.833553174945
1.5060000419617,-31.868673295058
1.5080000162125,-31.901687648465
1.5099999904633,-31.932794256023
1.5119999647141,-31.962218049793
1.5140000581741,-31.990207310810
1.5160000324249,-32.017028409933
1.5180000066757,-32.042959330139
1.5199999809265,-32.068279557686
1.5219999551773,-32.093272866397
1.5240000486374,-32.118211088157
1.5260000228882,-32.143353226856
1.5279999971390,-32.168941492963
1.5299999713898,-32.195193427068
1.5319999456406,-32.222297456639
1.5340000391006,-32.250412546723
1.5360000133514,-32.279659762806
1.5379999876022,-32.310125557233
1.5399999618530,-32.341855452317
1.5420000553131,-32.374857084619
1.5440000295639,-32.409093123002
1.5460000038147,-32.444490130374
1.5479999780655,-32.480933639900
1.5499999523163,-32.518269667732
1.5520000457764,-32.556314822770
1.5540000200272,-32.594847814354
1.5559999942780,-32.633625074456
1.5579999685287,-32.672375166914
1.5599999427795,-32.710814250324
1.5620000362396,-32.748645591116
1.5640000104904,-32.785566769107
1.5659999847412,-32.821280729560
1.5679999589920,-32.855498129243
1.5700000524521,-32.887948129945
1.5720000267029,-32.918382723258
1.5740000009537,-32.946589301384
1.5759999752045,-32.972388797239
1.5779999494553,-32.995646891279
1.5800000429153,-33.016274033332
1.5820000171661,-33.034233879495
1.5839999914169,-33.049538173612
1.5859999656677,-33.062252851085
1.5880000591278,-33.072489487534
1.5900000333786,-33.080410731320
1.5920000076294,-33.086221347273
1.5939999818802,-33.090160262952
1.5959999561310,-33.092502600737
1.5980000495911,-33.093544856059
1.6000000238419,-33.093602161290
1.6019999980927,-33.092996669151
1.6039999723434,-33.092055640974
1.6059999465942,-33.091098480046
1.6080000400543,-33.090433031642
1.6100000143051,-33.090346181383
1.6119999885559,-33.091103264457
1.6139999628067,-33.092932650077
1.6160000562668,-33.096033394972
1.6180000305176,-33.100561560448
1.6200000047684,-33.106630943204
1.6219999790192,-33.114311494390
1.6239999532700,-33.123626128719
1.6260000467300,-33.134550072036
1.6280000209808,-33.147010876438
1.6299999952316,-33.160887041271
1.6319999694824,-33.176016016644
1.6339999437332,-33.192186675648
1.6360000371933,-33.209153493361
1.6380000114441,-33.226632264348
1.6399999856949,-33.244307683517
1.6419999599457,-33.261843974775
1.6440000534058,-33.278881807698
1.6460000276566,-33.295057132349
1.6480000019073,-33.310000582541
1.6499999761581,-33.323352257532
1.6519999504089,-33.334766403938
1.6540000438690,-33.343922505754
1.6560000181198,-33.350533542505
1.6579999923706,-33.354354541317
1.6599999666214,-33.355188524435
1.6619999408722,-33.352894495520
1.6640000343323,-33.347389639167
1.6660000085831,-33.338651495478
1.6679999828339,-33.326726365010
1.6699999570847,-33.311714925020
1.6720000505447,-33.293784535890
1.6740000247955,-33.273152779333
1.6759999990463,-33.250087958433
1.6779999732971,-33.224903126625
1.6799999475479,-33.197940978250
1.6820000410080,-33.169574309922
1.6840000152588,-33.140187724368
1.6859999895096,-33.110176816764
1.6879999637604,-33.079933813388
1.6900000572205,-33.049841290174
1.6920000314713,-33.020265684171
1.6940000057220,-32.991544266029
1.6959999799728,-32.963986303075
1.6979999542236,-32.937863750137
1.7000000476837,-32.913404183587
1.7020000219345,-32.890795264028
1.7039999961853,-32.870169496921
1.7059999704361,-32.851614591893
1.7079999446869,-32.835161156171
1.7100000381470,-32.820791151579
1.7120000123978,-32.808432815337
1.7139999866486,-32.797961772893
1.7159999608994,-32.789205147321
1.7180000543594,-32.781943866651
1.7200000286102,-32.775914576044
1.7220000028610,-32.770813567916
1.7239999771118,-32.766305512103
1.7259999513626,-32.762028371643
1.7280000448227,-32.757596664128
1.7300000190735,-32.752615841283
1.7319999933243,-32.746687492117
1.7339999675751,-32.739416713194
1.7359999418259,-32.730428109088
1.7380000352859,-32.719367384683
1.7400000095367,-32.705918736689
1.7419999837875,-32.689805987155
1.7439999580383,-32.670808098582
1.7460000514984,-32.648761727768
1.7480000257492,-32.623566282486
1.7500000000000,-32.595187874971
1.7519999742508,-32.563664485150
1.7539999485016,-32.529100990495
1.7560000419617,-32.491667807072
1.7580000162125,-32.451600059072
1.7599999904633,-32.409185809719
1.7619999647141,-32.364765444395
1.7640000581741,-32.318716259798
1.7660000324249,-32.271451101972
1.7680000066757,-32.223401109065
1.7699999809265,-32.175012096630
1.7719999551773,-32.126732628546
1.7740000486374,-32.079002688691
1.7760000228882,-32.032251055037
1.7779999971390,-31.986880150800
1.7799999713898,-31.943265359282
1.7819999456406,-31.901745455505
1.7840000391006,-31.862618228632
1.7860000133514,-31.826134923357
1.7879999876022,-31.792498052189
1.7899999618530,-31.761854127679
1.7920000553131,-31.734299742697
1.7940000295639,-31.709868171152
1.7960000038147,-31.688537678340
1.7979999780655,-31.670227564579
1.7999999523163,-31.654794472197
1.8020000457764,-31.642040634771
1.8040000200272,-31.631707675903
1.8059999942780,-31.623485034438
1.8079999685287,-31.617009914407
1.8099999427795,-31.611870774236
1.8120000362396,-31.607617479921
1.8140000104904,-31.603763265460
1.8159999847412,-31.599795871463
1.8179999589920,-31.595184256572
1.8200000524521,-31.589393929920
1.8220000267029,-31.581893643973
1.8240000009537,-31.572170738846
1.8259999752045,-31.559743500801
1.8279999494553,-31.544176053667
1.8300000429153,-31.525089996066
1.8320000171661,-31.502175418143
1.8339999914169,-31.475203344043
1.8359999656677,-31.444036444720
1.8380000591278,-31.408631606404
1.8400000333786,-31.369043604254
1.8420000076294,-31.325431459963
1.8439999818802,-31.278051645244
1.8459999561310,-31.227253224205
1.8480000495911,-31.173475145567
1.8500000238419,-31.117233219354
1.8519999980927,-31.059110898487
1.8539999723434,-30.999747947642
1.8559999465942,-30.939830038454
1.8580000400543,-30.880072369763
1.8600000143051,-30.821216194206
1.8619999885559,-30.764008514107
1.8639999628067,-30.709200870690
1.8660000562668,-30.657538690620
1.8680000305176,-30.609753412592
1.8700000047684,-30.566556626538
1.8719999790192,-30.528641349711
1.8739999532700,-30.496671661899
1.8760000467300,-30.471287054431
1.8780000209808,-30.453099592928
1.8799999952316,-30.442692976179
1.8819999694824,-30.440626092851
1.8839999437332,-30.447430291866
1.8860000371933,-30.463616517725
1.8880000114441,-30.489671099295
1.8899999856949,-30.526065066146
1.8919999599457,-30.573250370501
1.8940000534058,-30.631666484204
1.8960000276566,-30.701742157298
1.8980000019073,-30.783896021988
1.8999999761581,-30.878541533939
1.9019999504089,-30.986087702480
1.9040000438690,-31.106943773256
1.9060000181198,-31.241516908394
1.9079999923706,-31.390219496024
1.9099999666214,-31.553465717757
1.9119999408722,-31.731675750263
1.9140000343323,-31.925273327571
1.9160000085831,-32.134689975023
1.9179999828339,-32.360357433923
1.9199999570847,-32.602710108672
1.9220000505447,-32.862179031272
1.9240000247955,-33.139184450079
1.9259999990463,-33.434124036368
1.9279999732971,-33.747363202405
1.9299999475479,-34.079211043057
1.9320000410080,-34.429892205594
1.9340000152588,-34.799512137801
1.9359999895096,-35.188001227488
1.9379999637604,-35.595048059019
1.9400000572205,-36.020004291013
1.9420000314713,-36.461764408476
1.9440000057220,-36.918613190819
1.9459999799728,-37.388023395350
1.9479999542236,-37.866424025455
1.9500000476837,-38.348932436171
1.9520000219345,-38.829081074103
1.9539999961853,-39.298593865610
1.9559999704361,-39.747297607870
1.9579999446869,-40.163306512462
1.9600000381470,-40.533611257054
1.9620000123978,-40.845175251964
1.9639999866486,-41.086496095273
1.9659999608994,-41.249332934365
1.9680000543594,-41.330159301545
1.9700000286102,-41.330822870234
1.9720000028610,-41.258166507782
1.9739999771118,-41.122769600737
1.9759999513626,-40.937230034732
1.9780000448227,-40.714518528969
1.9800000190735,-40.466736012658
1.9819999933243,-40.204372189584
1.9839999675751,-39.936020976622
1.9859999418259,-39.668402349775
1.9880000352859,-39.406552203865
1.9900000095367,-39.154084417449
1.9919999837875,-38.913466625689
1.9939999580383,-38.686256421122
1.9960000514984,-38.473313785346
1.9980000257492,-38.274959413019
2.0000000000000,-38.091108514799
2.0020000934601,-37.921368901606
2.0039999485016,-37.765115708926
2.0060000419617,-37.621550451832
2.0079998970032,-37.489744320017
2.0099999904633,-37.368670684759
2.0120000839233,-37.257236961886
2.0139999389648,-37.154304554281
2.0160000324249,-37.058709600107
2.0179998874664,-36.969281377976
2.0199999809265,-36.884864167953
2.0220000743866,-36.804329426405
2.0239999294281,-36.726599573681
2.0260000228882,-36.650659524393
2.0280001163483,-36.575579907943
2.0299999713898,-36.500526988836
2.0320000648499,-36.424783077063
2.0339999198914,-36.347752188882
2.0360000133514,-36.268973199952
2.0380001068115,-36.188120780254
2.0399999618530,-36.105012761086
2.0420000553131,-36.019599068886
2.0439999103546,-35.931960292442
2.0460000038147,-35.842298237553
2.0480000972748,-35.750916197391
2.0499999523163,-35.658212113876
2.0520000457764,-35.564655980649
2.0539999008179,-35.470769226188
2.0559999942780,-35.377117275325
2.0580000877380,-35.284285404446
2.0599999427795,-35.192863186170
2.0620000362396,-35.103431629069
2.0639998912811,-35.016555177085
2.0659999847412,-34.932764677448
2.0680000782013,-34.852552870809
2.0699999332428,-34.776367010534
2.0720000267029,-34.704603824210
2.0739998817444,-34.637604520054
2.0759999752045,-34.575654732205
2.0780000686646,-34.518978552797
2.0799999237061,-34.467744243870
2.0820000171661,-34.422057931747
2.0840001106262,-34.381967759066
2.0859999656677,-34.347462193687
2.0880000591278,-34.318470984598
2.0899999141693,-34.294868761420
2.0920000076294,-34.276479607762
2.0940001010895,-34.263068033641
2.0959999561310,-34.254352656733
2.0980000495911,-34.250003929419
2.0999999046326,-34.249650079540
2.1019999980927,-34.252875528313
2.1040000915527,-34.259231635435
2.1059999465942,-34.268237312170
2.1080000400543,-34.279388895269
2.1099998950958,-34.292163288529
2.1119999885559,-34.306027225273
2.1140000820160,-34.320446615802
2.1159999370575,-34.334894971202
2.1180000305176,-34.348858850061
2.1199998855591,-34.361852482275
2.1219999790192,-34.373425325666
2.1240000724792,-34.383171617928
2.1259999275208,-34.390737690695
2.1280000209808,-34.395830930827
2.1300001144409,-34.398222667526
2.1319999694824,-34.397757158350
2.1340000629425,-34.394351598003
2.1359999179840,-34.387995276174
2.1380000114441,-34.378749207472
2.1400001049042,-34.366744673638
2.1419999599457,-34.352173998170
2.1440000534058,-34.335288013141
2.1459999084473,-34.316383983527
2.1480000019073,-34.295797118511
2.1500000953674,-34.273895726795
2.1519999504089,-34.251064288030
2.1540000438690,-34.227699426052
2.1559998989105,-34.204196338005
2.1579999923706,-34.180945185895
2.1600000858307,-34.158317632241
2.1619999408722,-34.136661925475
2.1640000343323,-34.116296898552
2.1659998893738,-34.097509417114
2.1679999828339,-34.080542580557
2.1700000762939,-34.065599776435
2.1719999313354,-34.052839810979
2.1740000247955,-34.042373158009
2.1760001182556,-34.034263080822
2.1779999732971,-34.028523794610
2.1800000667572,-34.025125368081
2.1819999217987,-34.023986271849
2.1840000152588,-34.024985401836
2.1860001087189,-34.027955720723
2.1879999637604,-34.032692302937
2.1900000572205,-34.038955786953
2.1919999122620,-34.046472680930
2.1940000057220,-34.054947007439
2.1960000991821,-34.064059529362
2.1979999542236,-34.073475657539
2.2000000476837,-34.082856163225
2.2019999027252,-34.091857952693
2.2039999961853,-34.100144141560
2.2060000896454,-34.107393056279
2.2079999446869,-34.113304762605
2.2100000381470,-34.117603129316
2.2119998931885,-34.120048612322
2.2139999866486,-34.120443102271
2.2160000801086,-34.118631591430
2.2179999351501,-34.114507583514
2.2200000286102,-34.108014739944
2.2219998836517,-34.099152203678
2.2239999771118,-34.087968389525
2.2260000705719,-34.074559722750
2.2279999256134,-34.059074585794
2.2300000190735,-34.041699215362
2.2320001125336,-34.022661590080
2.2339999675751,-34.002220825699
2.2360000610352,-33.980658375444
2.2379999160767,-33.958277350089
2.2400000095367,-33.935392033970
2.2420001029968,-33.912320250711
2.2439999580383,-33.889377739346
2.2460000514984,-33.866871655332
2.2479999065399,-33.845095483910
2.2500000000000,-33.824322930246
2.2520000934601,-33.804803455268
2.2539999485016,-33.786758058392
2.2560000419617,-33.770376822089
2.2579998970032,-33.755815395819
2.2599999904633,-33.743192694067
2.2620000839233,-33.732591071304
2.2639999389648,-33.724053837471
2.2660000324249,-33.717588061773
2.2679998874664,-33.713158519462
2.2699999809265,-33.710696153604
2.2720000743866,-33.710094666175
2.2739999294281,-33.711213628421
2.2760000228882,-33.713883343235
2.2780001163483,-33.717903100236
2.2799999713898,-33.723049102749
2.2820000648499,-33.729076368491
2.2839999198914,-33.735724794985
2.2860000133514,-33.742719675393
2.2880001068115,-33.749783706442
2.2899999618530,-33.756638478827
2.2920000553131,-33.763009067181
2.2939999103546,-33.768632072365
2.2960000038147,-33.773261249482
2.2980000972748,-33.776672813994
2.2999999523163,-33.778669177415
2.3020000457764,-33.779083169243
2.3039999008179,-33.777784741075
2.3059999942780,-33.774682924999
2.3080000877380,-33.769723006452
2.3099999427795,-33.762895428257
2.3120000362396,-33.754228864185
2.3139998912811,-33.743796158365
2.3159999847412,-33.731701907694
2.3180000782013,-33.718092228057
2.3199999332428,-33.703137922202
2.3220000267029,-33.687042112893
2.3239998817444,-33.670025912502
2.3259999752045,-33.652326788658
2.3280000686646,-33.634194183543
2.3299999237061,-33.615883941916
2.3320000171661,-33.597648362034
2.3340001106262,-33.579735528110
2.3359999656677,-33.562383391131
2.3380000591278,-33.545814457935
2.3399999141693,-33.530232593225
2.3420000076294,-33.515816031586
2.3440001010895,-33.502720473014
2.3459999561310,-33.491072234730
2.3480000495911,-33.480967435182
2.3499999046326,-33.472468863325
2.3519999980927,-33.465607863657
2.3540000915527,-33.460382321733
2.3559999465942,-33.456756444352
2.3580000400543,-33.454664542347
2.3599998950958,-33.454006292685
2.3619999885559,-33.454655861043
2.3640000820160,-33.456455997989
2.3659999370575,-33.459228371292
2.3680000305176,-33.462771614680
2.3699998855591,-33.466866338107
2.3719999790192,-33.471281427847
2.3740000724792,-33.475774707758
2.3759999275208,-33.480099836977
2.3780000209808,-33.484011321128
2.3800001144409,-33.487268992353
2.3819999694824,-33.489644651082
2.3840000629425,-33.490923575178
2.3859999179840,-33.490913009375
2.3880000114441,-33.489444184686
2.3900001049042,-33.486380425401
2.3919999599457,-33.481613898846
2.3940000534058,-33.475070607982
2.3959999084473,-33.466716172790
2.3980000019073,-33.456551761816
2.4000000953674,-33.444616189405
2.4019999504089,-33.430983588110
2.4040000438690,-33.415761802775
2.4059998989105,-33.399091064307
2.4079999923706,-33.381140265618
2.4100000858307,-33.362100890170
2.4119999408722,-33.342183623208
2.4140000343323,-33.321615944565
2.4159998893738,-33.300633151079
2.4179999828339,-33.279477332252
2.4200000762939,-33.258389461487
2.4219999313354,-33.237606006245
2.4240000247955,-33.217353310876
2.4260001182556,-33.197847101387
2.4279999732971,-33.179283882987
2.4300000667572,-33.161839450633
2.4319999217987,-33.145670545947
2.4340000152588,-33.130903351053
2.4360001087189,-33.117639971168
2.4379999637604,-33.105955316973
2.4400000572205,-33.095891632697
2.4419999122620,-33.087463387639
2.4440000057220,-33.080653924898
2.4460000991821,-33.075419263717
2.4479999542236,-33.071686997652
2.4500000476837,-33.069356489853
2.4519999027252,-33.068302770434
2.4539999961853,-33.068378019609
2.4560000896454,-33.069415974180
2.4579999446869,-33.071232887833
2.4600000381470,-33.073629372006
2.4619998931885,-33.076399034616
2.4639999866486,-33.079329519560
2.4660000801086,-33.082206207198
2.4679999351501,-33.084817971460
2.4700000286102,-33.086961502077
2.4719998836517,-33.088445861352
2.4739999771118,-33.089095705708
2.4760000705719,-33.088755732208
2.4779999256134,-33.087294872664
2.4800000190735,-33.084608128127
2.4820001125336,-33.080622137853
2.4839999675751,-33.075291727924
2.4860000610352,-33.068606832777
2.4879999160767,-33.060589982630
2.4900000095367,-33.051293896773
2.4920001029968,-33.040805052650
2.4939999580383,-33.029238891210
2.4960000514984,-33.016736462663
2.4979999065399,-33.003463989433
2.5000000000000,-32.989608721131
2.5020000934601,-32.975372420403
2.5039999485016,-32.960971309666
2.5060000419617,-32.946627720215
2.5079998970032,-32.932569791012
2.5099999904633,-32.919023477835
2.5120000839233,-32.906211268513
2.5139999389648,-32.894347768280
2.5160000324249,-32.883633754290
2.5179998874664,-32.874257768901
2.5199999809265,-32.866388092390
2.5220000743866,-32.860172694683
2.5239999294281,-32.855737083367
2.5260000228882,-32.853184334028
2.5280001163483,-32.852587834843
2.5299999713898,-32.853997563370
2.5320000648499,-32.857435729966
2.5339999198914,-32.862896307935
2.5360000133514,-32.870344711416
2.5380001068115,-32.879724699941
2.5399999618530,-32.890950527032
2.5420000553131,-32.903913547640
2.5439999103546,-32.918481516362
2.5460000038147,-32.934505974466
2.5480000972748,-32.951816088966
2.5499999523163,-32.970229657795
2.5520000457764,-32.989552540851
2.5539999008179,-33.009582139362
2.5559999942780,-33.030110844211
2.5580000877380,-33.050934258562
2.5599999427795,-33.071849065633
2.5620000362396,-33.092661669630
2.5639998912811,-33.113190650314
2.5659999847412,-33.133271342208
2.5680000782013,-33.152759383205
2.5699999332428,-33.171533759636
2.5720000267029,-33.189501392924
2.5739998817444,-33.206598994786
2.5759999752045,-33.222790743938
2.5780000686646,-33.238079312392
2.5799999237061,-33.252494389514
2.5820000171661,-33.266102889780
2.5840001106262,-33.279000032758
2.5859999656677,-33.291313540319
2.5880000591278,-33.303198959729
2.5899999141693,-33.314833987333
2.5920000076294,-33.326421221292
2.5940001010895,-33.338179503483
2.5959999561310,-33.350340710858
2.5980000495911,-33.363150341613
2.5999999046326,-33.376855073111
2.6019999980927,-33.391703460586
2.6040000915527,-33.407945423201
2.6059999465942,-33.425820267492
2.6080000400543,-33.445557322508
2.6099998950958,-33.467373871293
2.6119999885559,-33.491467057975
2.6140000820160,-33.518018299776
2.6159999370575,-33.547182544449
2.6180000305176,-33.579091983717
2.6199998855591,-33.613851213352
2.6219999790192,-33.651537269079
2.6240000724792,-33.692195525098
2.6259999275208,-33.735843110737
2.6280000209808,-33.782464884883
2.6300001144409,-33.832015857136
2.6319999694824,-33.884415191218
2.6340000629425,-33.939556420738
2.6359999179840,-33.997300659998
2.6380000114441,-34.057477979426
2.6400001049042,-34.119894573254
2.6419999599457,-34.184332187288
2.6440000534058,-34.250546624416
2.6459999084473,-34.318279137987
2.6480000019073,-34.387251464500
2.6500000953674,-34.457176721528
2.6519999504089,-34.527762888336
2.6540000438690,-34.598712689202
2.6559998989105,-34.669737075226
2.6579999923706,-34.740554738332
2.6600000858307,-34.810900386241
2.6619999408722,-34.880529943141
2.6640000343323,-34.949227601914
2.6659998893738,-35.016808252349
2.6679999828339,-35.083123060794
2.6700000762939,-35.148067852754
2.6719999313354,-35.211578179885
2.6740000247955,-35.273637786842
2.6760001182556,-35.334276639793
2.6779999732971,-35.393572001825
2.6800000667572,-35.451647380558
2.6819999217987,-35.508666381347
2.6840000152588,-35.564837984046
2.6860001087189,-35.620402623043
2.6879999637604,-35.675631975404
2.6900000572205,-35.730823834401
2.6919999122620,-35.786292634051
2.6940000057220,-35.842368386973
2.6960000991821,-35.899383443743
2.6979999542236,-35.957672041210
2.7000000476837,-36.017559491875
2.7019999027252,-36.079361104128
2.7039999961853,-36.143370008878
2.7060000896454,-36.209856820808
2.7079999446869,-36.279062626038
2.7100000381470,-36.351194497263
2.7119998931885,-36.426422330421
2.7139999866486,-36.504871949916
2.7160000801086,-36.586627383953
2.7179999351501,-36.671721499044
2.7200000286102,-36.760139783535
2.7219998836517,-36.851812617189
2.7239999771118,-36.946618923146
2.7260000705719,-37.044382693194
2.7279999256134,-37.144871491999
2.7300000190735,-37.247804188512
2.7320001125336,-37.352843759825
2.7339999675751,-37.459605114064
2.7360000610352,-37.567657988185
2.7379999160767,-37.676534453410
2.7400000095367,-37.785731777083
2.7420001029968,-37.894724864104
2.7439999580383,-38.002971689043
2.7460000514984,-38.109930119787
2.7479999065399,-38.215064852257
2.7500000000000,-38.317863238240
2.7520000934601,-38.417851291371
2.7539999485016,-38.514603764769
2.7560000419617,-38.607762084902
2.7579998970032,-38.697043392104
2.7599999904633,-38.782254183534
2.7620000839233,-38.863294243058
2.7639999389648,-38.940171065381
2.7660000324249,-39.012991923513
2.7679998874664,-39.081973122213
2.7699999809265,-39.147431603512
2.7720000743866,-39.209776904862
2.7739999294281,-39.269507466992
2.7760000228882,-39.327191155947
2.7780001163483,-39.383463029134
2.7799999713898,-39.438999774779
2.7820000648499,-39.494515151238
2.7839999198914,-39.550740994169
2.7860000133514,-39.608413441767
2.7880001068115,-39.668262186861
2.7899999618530,-39.730997734119
2.7920000553131,-39.797303132998
2.7939999103546,-39.867820243752
2.7960000038147,-39.943145910406
2.7980000972748,-40.023823273305
2.7999999523163,-40.110336391960
2.8020000457764,-40.203101262084
2.8039999008179,-40.302464380058
2.8059999942780,-40.408699474516
2.8080000877380,-40.521994908072
2.8099999427795,-40.642454780553
2.8120000362396,-40.770094709039
2.8139998912811,-40.904831768274
2.8159999847412,-41.046479336215
2.8180000782013,-41.194746619380
2.8199999332428,-41.349227497004
2.8220000267029,-41.509394672763
2.8239998817444,-41.674602082465
2.8259999752045,-41.844072771846
2.8280000686646,-42.016904620947
2.8299999237061,-42.192072612013
2.8320000171661,-42.368431794098
2.8340001106262,-42.544732819953
2.8359999656677,-42.719640295686
2.8380000591278,-42.891755945599
2.8399999141693,-43.059653374872
2.8420000076294,-43.221919856829
2.8440001010895,-43.377201356605
2.8459999561310,-43.524253686915
2.8480000495911,-43.661995238903
2.8499999046326,-43.789560817704
2.8519999980927,-43.906343435376
2.8540000915527,-44.012030190346
2.8559999465942,-44.106629318524
2.8580000400543,-44.190469011621
2.8599998950958,-44.264199851645
2.8619999885559,-44.328759722723
2.8640000820160,-44.385347680925
2.8659999370575,-44.435371011707
2.8680000305176,-44.480400486474
2.8699998855591,-44.522116364247
2.8719999790192,-44.562258373127
2.8740000724792,-44.602579890619
2.8759999275208,-44.644813367321
2.8780000209808,-44.690634053875
2.8800001144409,-44.741640758758
2.8819999694824,-44.799335063594
2.8840000629425,-44.865111972540
2.8859999179840,-44.940251451416
2.8880000114441,-45.025916978506
2.8900001049042,-45.123154010876
2.8919999599457,-45.232891005998
2.8940000534058,-45.355933815131
2.8959999084473,-45.492973706298
2.8980000019073,-45.644575335245
2.9000000953674,-45.811179568574
2.9019999504089,-45.993086619523
2.9040000438690,-46.190446603970
2.9059998989105,-46.403237891940
2.9079999923706,-46.631244752006
2.9100000858307,-46.874015881899
2.9119999408722,-47.130837889845
2.9140000343323,-47.400670174977
2.9159998893738,-47.682100031605
2.9179999828339,-47.973274300085
2.9200000762939,-48.271838870978
2.9219999313354,-48.574875574210
2.9240000247955,-48.878860329451
2.9260001182556,-49.179647922771
2.9279999732971,-49.472507771766
2.9300000667572,-49.752230318419
2.9319999217987,-50.013317473815
2.9340000152588,-50.250275788575
2.9360001087189,-50.457994286222
2.9379999637604,-50.632171544328
2.9400000572205,-50.769743735342
2.9419999122620,-50.869219906966
2.9440000057220,-50.930870105187
2.9460000991821,-50.956713785699
2.9479999542236,-50.950320976156
2.9500000476837,-50.916461622331
2.9519999027252,-50.860683830506
2.9539999961853,-50.788889231151
2.9560000896454,-50.706964829119
2.9579999446869,-50.620512218063
2.9600000381470,-50.534661465910
2.9619998931885,-50.453983566579
2.9639999866486,-50.382468363525
2.9660000801086,-50.323542970432
2.9679999351501,-50.280131327499
2.9700000286102,-50.254718711294
2.9719998836517,-50.249425158479
2.9739999771118,-50.266076851144
2.9760000705719,-50.306275292385
2.9779999256134,-50.371455119891
2.9800000190735,-50.462939823780
2.9820001125336,-50.581992642157
2.9839999675751,-50.729852525379
2.9860000610352,-50.907784786294
2.9879999160767,-51.117105305334
2.9900000095367,-51.359224975432
2.9920001029968,-51.635675663372
2.9939999580383,-51.948147449398
2.9960000514984,-52.298519925159
2.9979999065399,-52.688889662094
3.0000000000000,-53.121596854477
