frequency,refcoef
0.60000002384186,-47.757096009031
0.60240000486374,-47.199556272756
0.60479998588562,-46.611815086540
0.60720002651215,-46.005798217263
0.60960000753403,-45.391919682382
0.61199998855591,-44.778708855449
0.61440002918243,-44.172780682748
0.61680001020432,-43.579000920147
0.61919999122620,-43.000745745837
0.62159997224808,-42.440172029763
0.62400001287460,-41.898465265179
0.62639999389648,-41.376050978334
0.62879997491837,-40.872768949594
0.63120001554489,-40.388003823186
0.63359999656677,-39.920795393109
0.63599997758865,-39.469914507977
0.63840001821518,-39.033934285530
0.64079999923706,-38.611278402909
0.64319998025894,-38.200267874321
0.64560002088547,-37.799162095824
0.64800000190735,-37.406197046077
0.65039998292923,-37.019624847686
0.65280002355576,-36.637749745648
0.65520000457764,-36.258966237566
0.65759998559952,-35.881799532476
0.66000002622604,-35.504935332253
0.66240000724792,-35.127251035474
0.66479998826981,-34.747843713130
0.66720002889633,-34.366039838324
0.66960000991821,-33.981408758889
0.67199999094009,-33.593759655547
0.67439997196198,-33.203125127197
0.67680001258850,-32.809750957133
0.67919999361038,-32.414059462018
0.68159997463226,-32.016625195052
0.68400001525879,-31.618138947005
0.68639999628067,-31.219371633759
0.68879997730255,-30.821142712517
0.69120001792908,-30.424289312100
0.69359999895096,-30.029637593171
0.69599997997284,-29.637985298897
0.69840002059937,-29.250074863850
0.70080000162125,-28.866594093734
0.70319998264313,-28.488148891388
0.70560002326965,-28.115272675719
0.70800000429153,-27.748415962196
0.71039998531342,-27.387947468322
0.71280002593994,-27.034154846071
0.71520000696182,-26.687248406424
0.71759998798370,-26.347365271499
0.72000002861023,-26.014572761876
0.72240000963211,-25.688873886011
0.72479999065399,-25.370213801895
0.72719997167587,-25.058483573695
0.72960001230240,-24.753525477200
0.73199999332428,-24.455140337984
0.73439997434616,-24.163093689261
0.73680001497269,-23.877114199950
0.73919999599457,-23.596908682587
0.74159997701645,-23.322159955187
0.74400001764297,-23.052536092140
0.74639999866486,-22.787693040382
0.74879997968674,-22.527281928189
0.75120002031326,-22.270951048145
0.75360000133514,-22.018352267312
0.75599998235703,-21.769146667166
0.75840002298355,-21.523005487261
0.76080000400543,-21.279618400867
0.76319998502731,-21.038693732415
0.76560002565384,-20.799963024310
0.76800000667572,-20.563186171783
0.77039998769760,-20.328147292619
0.77280002832413,-20.094664965437
0.77520000934601,-19.862586820951
0.77759999036789,-19.631790804370
0.77999997138977,-19.402191438213
0.78240001201630,-19.173729941448
0.78479999303818,-18.946380993352
0.78719997406006,-18.720145745044
0.78960001468658,-18.495053140594
0.79199999570847,-18.271156614585
0.79439997673035,-18.048530437988
0.79680001735687,-17.827268649807
0.79919999837875,-17.607480116858
0.80159997940063,-17.389287728325
0.80400002002716,-17.172824790047
0.80640000104904,-16.958233642911
0.80879998207092,-16.745656223011
0.81120002269745,-16.535244415961
0.81360000371933,-16.327143034536
0.81599998474121,-16.121503072112
0.81840002536774,-15.918465506436
0.82080000638962,-15.718169902843
0.82319998741150,-15.520751652567
0.82560002803802,-15.326336056675
0.82800000905991,-15.135042868725
0.83039999008179,-14.946983967828
0.83279997110367,-14.762264085527
0.83520001173019,-14.580976788210
0.83759999275208,-14.403210331069
0.83999997377396,-14.229044260259
0.84240001440048,-14.058548438505
0.84479999542236,-13.891787295513
0.84719997644424,-13.728816518250
0.84960001707077,-13.569684348074
0.85199999809265,-13.414433276238
0.85439997911453,-13.263098763932
0.85680001974106,-13.115711092189
0.85920000076294,-12.972293314981
0.86159998178482,-12.832864680893
0.86400002241135,-12.697438318309
0.86640000343323,-12.566023016411
0.86879998445511,-12.438622008286
0.87120002508163,-12.315234017387
0.87360000610352,-12.195854820924
0.87599998712540,-12.080473321037
0.87840002775192,-11.969077304302
0.88080000877380,-11.861648572187
0.88319998979568,-11.758162159981
0.88559997081757,-11.658592987821
0.88800001144409,-11.562910691468
0.89039999246597,-11.471077847751
0.89279997348785,-11.383055889982
0.89520001411438,-11.298800613907
0.89759999513626,-11.218261833588
0.89999997615814,-11.141387275353
0.90240001678467,-11.068117153776
0.90479999780655,-10.998390642020
0.90719997882843,-10.932141156146
0.90960001945496,-10.869296597437
0.91200000047684,-10.809782046230
0.91439998149872,-10.753517443063
0.91680002212524,-10.700421782358
0.91920000314713,-10.650406986313
0.92159998416901,-10.603384813450
0.92400002479553,-10.559262886083
0.92640000581741,-10.517948925449
0.92879998683929,-10.479345541597
0.93120002746582,-10.443356088938
0.93360000848770,-10.409883623003
0.93599998950958,-10.378832491340
0.93839997053146,-10.350104969031
0.94080001115799,-10.323606174589
0.94319999217987,-10.299243719073
0.94559997320175,-10.276927093456
0.94800001382828,-10.256568382588
0.95039999485016,-10.238086537304
0.95279997587204,-10.221400509333
0.95520001649857,-10.206435069004
0.95759999752045,-10.193123997402
0.95999997854233,-10.181399523985
0.96240001916885,-10.171204976141
0.96480000019073,-10.162486244484
0.96719998121262,-10.155195878230
0.96960002183914,-10.149290520441
0.97200000286102,-10.144733791639
0.97439998388290,-10.141490356439
0.97680002450943,-10.139533137329
0.97920000553131,-10.138834989662
0.98159998655319,-10.139374694361
0.98400002717972,-10.141130925974
0.98640000820160,-10.144086043424
0.98879998922348,-10.148220111369
0.99119997024536,-10.153515538429
0.99360001087189,-10.159951978355
0.99599999189377,-10.167508599763
0.99839997291565,-10.176161237089
1.0008000135422,-10.185883128234
1.0032000541687,-10.196642002839
1.0055999755859,-10.208404716643
1.0080000162125,-10.221129412076
1.0104000568390,-10.234771948810
1.0127999782562,-10.249280967260
1.0152000188828,-10.264602056973
1.0176000595093,-10.280673715295
1.0199999809265,-10.297432478249
1.0224000215530,-10.314806424938
1.0247999429703,-10.332724180663
1.0271999835968,-10.351108260029
1.0296000242233,-10.369881436703
1.0319999456406,-10.388961570356
1.0343999862671,-10.408271908083
1.0368000268936,-10.427729996277
1.0391999483109,-10.447261605528
1.0415999889374,-10.466790974349
1.0440000295639,-10.486248626624
1.0463999509811,-10.505569450881
1.0487999916077,-10.524695123035
1.0512000322342,-10.543574144636
1.0535999536514,-10.562163760976
1.0559999942780,-10.580428241195
1.0584000349045,-10.598341102326
1.0607999563217,-10.615886421408
1.0631999969482,-10.633052948595
1.0656000375748,-10.649844220802
1.0679999589920,-10.666266916755
1.0703999996185,-10.682337150808
1.0728000402451,-10.698080865487
1.0751999616623,-10.713525754099
1.0776000022888,-10.728708535001
1.0800000429153,-10.743666920214
1.0823999643326,-10.758445206662
1.0848000049591,-10.773083728268
1.0872000455856,-10.787627607667
1.0895999670029,-10.802121095978
1.0920000076294,-10.816604563263
1.0944000482559,-10.831115135980
1.0967999696732,-10.845687138978
1.0992000102997,-10.860350309039
1.1016000509262,-10.875126767606
1.1039999723434,-10.890035308417
1.1064000129700,-10.905085912625
1.1088000535965,-10.920282954807
1.1111999750137,-10.935624814050
1.1136000156403,-10.951102338117
1.1160000562668,-10.966701475939
1.1183999776840,-10.982400600478
1.1208000183105,-10.998177180965
1.1232000589371,-11.014000074827
1.1255999803543,-11.029838605795
1.1280000209808,-11.045656472420
1.1303999423981,-11.061419355165
1.1327999830246,-11.077090025511
1.1352000236511,-11.092632812257
1.1375999450684,-11.108014844375
1.1399999856949,-11.123202968595
1.1424000263214,-11.138171080511
1.1447999477386,-11.152893299321
1.1471999883652,-11.167349089043
1.1496000289917,-11.181523985805
1.1519999504089,-11.195408880837
1.1543999910355,-11.208996876814
1.1568000316620,-11.222288867192
1.1591999530792,-11.235289864811
1.1615999937057,-11.248007260069
1.1640000343323,-11.260454033511
1.1663999557495,-11.272646069850
1.1687999963760,-11.284600136900
1.1712000370026,-11.296337702456
1.1735999584198,-11.307877068170
1.1759999990463,-11.319240555261
1.1784000396729,-11.330443733638
1.1807999610901,-11.341505130525
1.1832000017166,-11.352439929894
1.1856000423431,-11.363260453222
1.1879999637604,-11.373973472823
1.1904000043869,-11.384583451933
1.1928000450134,-11.395090408594
1.1951999664307,-11.405488618822
1.1976000070572,-11.415770953530
1.2000000476837,-11.425923185793
1.2023999691010,-11.435930779390
1.2048000097275,-11.445770926467
1.2072000503540,-11.455423587533
1.2095999717712,-11.464863640825
1.2120000123978,-11.474065604179
1.2144000530243,-11.483002532657
1.2167999744415,-11.491650430973
1.2192000150681,-11.499986354267
1.2216000556946,-11.507987352656
1.2239999771118,-11.515634448042
1.2264000177383,-11.522916783566
1.2288000583649,-11.529820580100
1.2311999797821,-11.536344515186
1.2336000204086,-11.542489487241
1.2359999418259,-11.548263544566
1.2383999824524,-11.553681216999
1.2408000230789,-11.558762098080
1.2431999444962,-11.563535143311
1.2455999851227,-11.568032316442
1.2480000257492,-11.572296077474
1.2503999471664,-11.576369263268
1.2527999877930,-11.580304758902
1.2552000284195,-11.584157468031
1.2575999498367,-11.587988518869
1.2599999904633,-11.591861724148
1.2624000310898,-11.595842838589
1.2647999525070,-11.600002126963
1.2671999931335,-11.604409797490
1.2696000337601,-11.609140391981
1.2719999551773,-11.614267152070
1.2743999958038,-11.619864886419
1.2768000364304,-11.626006736274
1.2791999578476,-11.632768869926
1.2815999984741,-11.640225695842
1.2840000391006,-11.648450898398
1.2863999605179,-11.657517776954
1.2888000011444,-11.667499841963
1.2912000417709,-11.678470433793
1.2935999631882,-11.690502151113
1.2960000038147,-11.703667927141
1.2984000444412,-11.718037805369
1.3007999658585,-11.733684721528
1.3032000064850,-11.750680645511
1.3056000471115,-11.769095674186
1.3079999685287,-11.789001979103
1.3104000091553,-11.810468901668
1.3128000497818,-11.833567281082
1.3151999711990,-11.858365744150
1.3176000118256,-11.884931313067
1.3200000524521,-11.913329939455
1.3223999738693,-11.943624671184
1.3248000144958,-11.975875861873
1.3272000551224,-12.010140378519
1.3295999765396,-12.046470929051
1.3320000171661,-12.084914063006
1.3344000577927,-12.125511194233
1.3367999792099,-12.168295093837
1.3392000198364,-12.213295462538
1.3415999412537,-12.260529182251
1.3439999818802,-12.310005377634
1.3464000225067,-12.361724217454
1.3487999439240,-12.415672379171
1.3511999845505,-12.471829927766
1.3536000251770,-12.530161726845
1.3559999465942,-12.590622359035
1.3583999872208,-12.653154544521
1.3608000278473,-12.717688880653
1.3631999492645,-12.784143726003
1.3655999898911,-12.852426732563
1.3680000305176,-12.922436100618
1.3703999519348,-12.994057293343
1.3727999925613,-13.067170344511
1.3752000331879,-13.141644866078
1.3775999546051,-13.217347726730
1.3799999952316,-13.294139188689
1.3824000358582,-13.371878281077
1.3847999572754,-13.450421769473
1.3871999979019,-13.529630780091
1.3896000385284,-13.609366766625
1.3919999599457,-13.689500200790
1.3944000005722,-13.769907029803
1.3968000411987,-13.850472540156
1.3991999626160,-13.931093891073
1.4016000032425,-14.011682377838
1.4040000438690,-14.092160966333
1.4063999652863,-14.172467520353
1.4088000059128,-14.252556525016
1.4112000465393,-14.332395427735
1.4135999679565,-14.411968456335
1.4160000085831,-14.491273314239
1.4184000492096,-14.570319924795
1.4207999706268,-14.649129435413
1.4232000112534,-14.727733939747
1.4256000518799,-14.806171013927
1.4279999732971,-14.884485754144
1.4304000139236,-14.962721851309
1.4328000545502,-15.040927065004
1.4351999759674,-15.119141526523
1.4376000165939,-15.197406531859
1.4400000572205,-15.275749841326
1.4423999786377,-15.354193169004
1.4448000192642,-15.432744557759
1.4471999406815,-15.511400562116
1.4495999813080,-15.590143728717
1.4520000219345,-15.668940430544
1.4543999433517,-15.747743094665
1.4567999839783,-15.826487582304
1.4592000246048,-15.905098817443
1.4615999460220,-15.983486975056
1.4639999866486,-16.061552223996
1.4664000272751,-16.139185013963
1.4687999486923,-16.216270738346
1.4711999893188,-16.292690003074
1.4736000299454,-16.368323192777
1.4759999513626,-16.443054390579
1.4783999919891,-16.516773121913
1.4808000326157,-16.589376430191
1.4831999540329,-16.660775659160
1.4855999946594,-16.730894394052
1.4880000352859,-16.799675030825
1.4903999567032,-16.867074894518
1.4927999973297,-16.933074844271
1.4952000379562,-16.997671298242
1.4975999593735,-17.060882229140
1.5000000000000,-17.122744905937
1.5024000406265,-17.183311041497
1.5047999620438,-17.242649674291
1.5072000026703,-17.300839919004
1.5096000432968,-17.357972103095
1.5119999647141,-17.414140127120
1.5144000053406,-17.469442353843
1.5168000459671,-17.523972585297
1.5191999673843,-17.577823652188
1.5216000080109,-17.631076706572
1.5240000486374,-17.683801539864
1.5263999700546,-17.736057506568
1.5288000106812,-17.787883201304
1.5312000513077,-17.839302563466
1.5335999727249,-17.890317969037
1.5360000133514,-17.940918471009
1.5384000539780,-17.991067539032
1.5407999753952,-18.040715451675
1.5432000160217,-18.089797976456
1.5456000566483,-18.138233078025
1.5479999780655,-18.185932229447
1.5504000186920,-18.232799452684
1.5528000593185,-18.278734684964
1.5551999807358,-18.323639709337
1.5576000213623,-18.367419188669
1.5599999427795,-18.409990573279
1.5623999834061,-18.451279402026
1.5648000240326,-18.491230208402
1.5671999454498,-18.529805077724
1.5695999860764,-18.566987404291
1.5720000267029,-18.602782276940
1.5743999481201,-18.637217540269
1.5767999887466,-18.670344108447
1.5792000293732,-18.702234905723
1.5815999507904,-18.732980679167
1.5839999914169,-18.762687995356
1.5864000320435,-18.791478310553
1.5887999534607,-18.819482029861
1.5911999940872,-18.846832520807
1.5936000347137,-18.873664084150
1.5959999561310,-18.900105256312
1.5983999967575,-18.926276704283
1.6008000373840,-18.952284202302
1.6031999588013,-18.978215403496
1.6055999994278,-19.004136531448
1.6080000400543,-19.030090460798
1.6103999614716,-19.056093362200
1.6128000020981,-19.082133638999
1.6152000427246,-19.108169723329
1.6175999641418,-19.134135962217
1.6200000047684,-19.159937761318
1.6224000453949,-19.185457995992
1.6247999668121,-19.210556816342
1.6272000074387,-19.235080317984
1.6296000480652,-19.258861573959
1.6319999694824,-19.281724025502
1.6344000101089,-19.303494157337
1.6368000507355,-19.323998413452
1.6391999721527,-19.343079499555
1.6416000127792,-19.360591526310
1.6440000534058,-19.376411409387
1.6463999748230,-19.390443203166
1.6488000154495,-19.402619972066
1.6512000560760,-19.412905709664
1.6535999774933,-19.421300723015
1.6560000181198,-19.427837632232
1.6584000587463,-19.432584110178
1.6607999801636,-19.435635800989
1.6632000207901,-19.437117291198
1.6655999422073,-19.437175541631
1.6679999828339,-19.435976076747
1.6704000234604,-19.433693208528
1.6727999448776,-19.430506892519
1.6751999855042,-19.426597338839
1.6776000261307,-19.422134686742
1.6799999475479,-19.417274220038
1.6823999881744,-19.412152870533
1.6848000288010,-19.406881367603
1.6871999502182,-19.401539105092
1.6895999908447,-19.396174808327
1.6920000314713,-19.390802000228
1.6943999528885,-19.385398730330
1.6967999935150,-19.379904677246
1.6992000341415,-19.374227227261
1.7015999555588,-19.368242153007
1.7039999961853,-19.361794856719
1.7064000368118,-19.354709560358
1.7087999582291,-19.346792588899
1.7111999988556,-19.337837694026
1.7136000394821,-19.327638804340
1.7159999608994,-19.315991647425
1.7184000015259,-19.302704425900
1.7208000421524,-19.287605964815
1.7231999635696,-19.270550684939
1.7256000041962,-19.251428978840
1.7280000448227,-19.230167202409
1.7303999662399,-19.206738035386
1.7328000068665,-19.181155463343
1.7352000474930,-19.153485327754
1.7375999689102,-19.123833959359
1.7400000095367,-19.092354091829
1.7424000501633,-19.059236433559
1.7447999715805,-19.024708760346
1.7472000122070,-18.989022779288
1.7496000528336,-18.952451682345
1.7519999742508,-18.915281571550
1.7544000148773,-18.877803161795
1.7568000555038,-18.840303254873
1.7591999769211,-18.803056010432
1.7616000175476,-18.766316797163
1.7640000581741,-18.730314949054
1.7663999795914,-18.695251176936
1.7688000202179,-18.661285226064
1.7711999416351,-18.628539869700
1.7735999822617,-18.597096343067
1.7760000228882,-18.566990448517
1.7783999443054,-18.538217086933
1.7807999849319,-18.510727539815
1.7832000255585,-18.484434941877
1.7855999469757,-18.459216491749
1.7879999876022,-18.434921200534
1.7904000282288,-18.411373180995
1.7927999496460,-18.388381835033
1.7951999902725,-18.365747166846
1.7976000308990,-18.343272196077
1.7999999523163,-18.320769105973
1.8023999929428,-18.298072041183
1.8048000335693,-18.275041982758
1.8071999549866,-18.251581686820
1.8095999956131,-18.227638282899
1.8120000362396,-18.203213764728
1.8143999576569,-18.178370210524
1.8167999982834,-18.153233611323
1.8192000389099,-18.127994459970
1.8215999603271,-18.102913759976
1.8240000009537,-18.078314990136
1.8264000415802,-18.054587664256
1.8287999629974,-18.032177369398
1.8312000036240,-18.011586499534
1.8336000442505,-17.993363911103
1.8359999656677,-17.978095741406
1.8384000062943,-17.966404920181
1.8408000469208,-17.958938033389
1.8431999683380,-17.956359504147
1.8456000089645,-17.959349006565
1.8480000495911,-17.968588196941
1.8503999710083,-17.984760380079
1.8528000116348,-18.008543777253
1.8552000522614,-18.040611371487
1.8575999736786,-18.081622959651
1.8600000143051,-18.132224040945
1.8624000549316,-18.193047293108
1.8647999763489,-18.264711551936
1.8672000169754,-18.347815004373
1.8696000576019,-18.442945844099
1.8719999790192,-18.550673492786
1.8744000196457,-18.671553571065
1.8767999410629,-18.806130836553
1.8791999816895,-18.954933919673
1.8816000223160,-19.118482490191
1.8839999437332,-19.297286166833
1.8863999843597,-19.491842743672
1.8888000249863,-19.702641600233
1.8911999464035,-19.930161047747
1.8935999870300,-20.174867114715
1.8960000276566,-20.437214574919
1.8983999490738,-20.717637251249
1.9007999897003,-21.016547535193
1.9032000303268,-21.334327611584
1.9055999517441,-21.671314398874
1.9079999923706,-22.027790282640
1.9104000329971,-22.403958622878
1.9127999544144,-22.799916733930
1.9151999950409,-23.215621863816
1.9176000356674,-23.650838990059
1.9199999570847,-24.105082080740
1.9223999977112,-24.577533157017
1.9248000383377,-25.066936473863
1.9271999597549,-25.571474059972
1.9296000003815,-26.088608000360
1.9320000410080,-26.614896108940
1.9343999624252,-27.145795844633
1.9368000030518,-27.675461937202
1.9392000436783,-28.196588070563
1.9415999650955,-28.700355412823
1.9440000057220,-29.176548841860
1.9464000463486,-29.613973058411
1.9487999677658,-30.001184676650
1.9512000083923,-30.327568414234
1.9536000490189,-30.584583390071
1.9559999704361,-30.766915345776
1.9584000110626,-30.873206171213
1.9608000516891,-30.906108244667
1.9631999731064,-30.871674121493
1.9656000137329,-30.778255951285
1.9680000543594,-30.635273574884
1.9703999757767,-30.452119249364
1.9728000164032,-30.237383517044
1.9752000570297,-29.998428253943
1.9775999784470,-29.741252740267
1.9800000190735,-29.470556106587
1.9823999404907,-29.189917270892
1.9847999811172,-28.902015812849
1.9872000217438,-28.608853711923
1.9895999431610,-28.311958726481
1.9919999837875,-28.012544999856
1.9944000244141,-27.711644653657
1.9967999458313,-27.410195754718
1.9991999864578,-27.109105673748
2.0016000270844,-26.809280825807
2.0039999485016,-26.511646009267
2.0064001083374,-26.217140641878
2.0088000297546,-25.926709173505
2.0111999511719,-25.641290889045
2.0136001110077,-25.361795378180
2.0160000324249,-25.089094164470
2.0183999538422,-24.823999989716
2.0208001136780,-24.567257567452
2.0232000350952,-24.319533509997
2.0255999565125,-24.081410991021
2.0280001163483,-23.853383210577
2.0304000377655,-23.635858317089
2.0327999591827,-23.429154477871
2.0352001190186,-23.233504130956
2.0376000404358,-23.049053361212
2.0399999618530,-22.875873984332
2.0423998832703,-22.713959041075
2.0448000431061,-22.563231069641
2.0471999645233,-22.423543953293
2.0495998859406,-22.294687978098
2.0520000457764,-22.176397916174
2.0543999671936,-22.068351826026
2.0567998886108,-21.970176654903
2.0592000484467,-21.881452356755
2.0615999698639,-21.801718686511
2.0639998912811,-21.730476425699
2.0664000511169,-21.667195188944
2.0687999725342,-21.611317404808
2.0711998939514,-21.562264162371
2.0736000537872,-21.519442157871
2.0759999752045,-21.482250883004
2.0783998966217,-21.450093252069
2.0808000564575,-21.422374254859
2.0831999778748,-21.398521490232
2.0855998992920,-21.377985569268
2.0880000591278,-21.360248652469
2.0903999805450,-21.344838032025
2.0927999019623,-21.331326592393
2.0952000617981,-21.319346630860
2.0975999832153,-21.308584835613
2.0999999046326,-21.298797361686
2.1024000644684,-21.289802808853
2.1047999858856,-21.281490283499
2.1071999073029,-21.273808413776
2.1096000671387,-21.266772294576
2.1119999885559,-21.260450793958
2.1143999099731,-21.254964427832
2.1168000698090,-21.250476560809
2.1191999912262,-21.247184324953
2.1215999126434,-21.245310217271
2.1240000724792,-21.245094116071
2.1263999938965,-21.246782402547
2.1287999153137,-21.250618709935
2.1312000751495,-21.256837323760
2.1335999965668,-21.265654403102
2.1359999179840,-21.277260835122
2.1384000778198,-21.291819173059
2.1407999992371,-21.309452294679
2.1431999206543,-21.330248000437
2.1456000804901,-21.354250855194
2.1480000019073,-21.381461983798
2.1503999233246,-21.411839542298
2.1528000831604,-21.445297999536
2.1552000045776,-21.481711712197
2.1575999259949,-21.520916677706
2.1600000858307,-21.562712344808
2.1624000072479,-21.606871267424
2.1647999286652,-21.653139899038
2.1672000885010,-21.701247344654
2.1696000099182,-21.750911104423
2.1719999313354,-21.801844851580
2.1744000911713,-21.853768082535
2.1768000125885,-21.906409937725
2.1791999340057,-21.959518311214
2.1816000938416,-22.012871301970
2.1840000152588,-22.066272071920
2.1863999366760,-22.119565799260
2.1888000965118,-22.172640549751
2.1912000179291,-22.225423453023
2.1935999393463,-22.277889611138
2.1960000991821,-22.330055180106
2.1984000205994,-22.381982432050
2.2007999420166,-22.433766007802
2.2032001018524,-22.485536200238
2.2056000232697,-22.537447404486
2.2079999446869,-22.589674128337
2.2104001045227,-22.642397725452
2.2128000259399,-22.695803696169
2.2151999473572,-22.750066941549
2.2176001071930,-22.805348859624
2.2200000286102,-22.861782476845
2.2223999500275,-22.919470153761
2.2248001098633,-22.978475058340
2.2272000312805,-23.038812548233
2.2295999526978,-23.100450735288
2.2320001125336,-23.163300103920
2.2344000339508,-23.227219316596
2.2367999553680,-23.292008119236
2.2392001152039,-23.357415297683
2.2416000366211,-23.423133746590
2.2439999580383,-23.488816246025
2.2464001178741,-23.554069794313
2.2488000392914,-23.618478717664
2.2511999607086,-23.681601633869
2.2535998821259,-23.742993811687
2.2560000419617,-23.802213716477
2.2583999633789,-23.858839800898
2.2607998847961,-23.912483077709
2.2632000446320,-23.962802495284
2.2655999660492,-24.009513606726
2.2679998874664,-24.052401639958
2.2704000473022,-24.091334504855
2.2727999687195,-24.126255860655
2.2751998901367,-24.157199541007
2.2776000499725,-24.184284241850
2.2799999713898,-24.207707205771
2.2823998928070,-24.227739970572
2.2848000526428,-24.244720015655
2.2871999740601,-24.259033003236
2.2895998954773,-24.271106598450
2.2920000553131,-24.281389702628
2.2943999767303,-24.290344664791
2.2967998981476,-24.298425880322
2.2992000579834,-24.306073327616
2.3015999794006,-24.313695437529
2.3039999008179,-24.321660988893
2.3064000606537,-24.330289006725
2.3087999820709,-24.339843365456
2.3111999034882,-24.350527977581
2.3136000633240,-24.362479911732
2.3159999847412,-24.375772334748
2.3183999061584,-24.390413422334
2.3208000659943,-24.406348762754
2.3231999874115,-24.423466753850
2.3255999088287,-24.441600941356
2.3280000686646,-24.460541326996
2.3303999900818,-24.480038851109
2.3327999114990,-24.499820088525
2.3352000713348,-24.519591619124
2.3375999927521,-24.539054383049
2.3399999141693,-24.557916245537
2.3424000740051,-24.575901095861
2.3447999954224,-24.592758868596
2.3471999168396,-24.608276915339
2.3496000766754,-24.622288684340
2.3519999980927,-24.634677486039
2.3543999195099,-24.645385896202
2.3568000793457,-24.654412885699
2.3592000007629,-24.661817352361
2.3615999221802,-24.667715897640
2.3640000820160,-24.672274790505
2.3664000034332,-24.675708218745
2.3687999248505,-24.678265800293
2.3712000846863,-24.680227376980
2.3736000061035,-24.681888425318
2.3759999275208,-24.683550400491
2.3784000873566,-24.685512832636
2.3808000087738,-24.688059014160
2.3831999301910,-24.691446864535
2.3856000900269,-24.695901890929
2.3880000114441,-24.701606095570
2.3903999328613,-24.708694849450
2.3928000926971,-24.717248323136
2.3952000141144,-24.727289488971
2.3975999355316,-24.738783485089
2.4000000953674,-24.751636612466
2.4024000167847,-24.765694620185
2.4047999382019,-24.780750376126
2.4072000980377,-24.796547627222
2.4096000194550,-24.812785327784
2.4119999408722,-24.829127611517
2.4144001007080,-24.845213621654
2.4168000221252,-24.860667202702
2.4191999435425,-24.875108961994
2.4216001033783,-24.888168499198
2.4240000247955,-24.899497721657
2.4263999462128,-24.908780723658
2.4288001060486,-24.915747134994
2.4312000274658,-24.920181762089
2.4335999488831,-24.921929142293
2.4360001087189,-24.920905561310
2.4384000301361,-24.917095463857
2.4407999515533,-24.910557296790
2.4432001113892,-24.901417448860
2.4456000328064,-24.889866482320
2.4479999542236,-24.876154324231
2.4504001140594,-24.860575302034
2.4528000354767,-24.843462698002
2.4551999568939,-24.825173859054
2.4576001167297,-24.806079433873
2.4600000381470,-24.786549304860
2.4623999595642,-24.766938709790
2.4647998809814,-24.747584161530
2.4672000408173,-24.728783464059
2.4695999622345,-24.710795735686
2.4719998836517,-24.693828462555
2.4744000434875,-24.678031267421
2.4767999649048,-24.663498608877
2.4791998863220,-24.650257777427
2.4816000461578,-24.638277029968
2.4839999675751,-24.627461273139
2.4863998889923,-24.617656906460
2.4888000488281,-24.608657290635
2.4911999702454,-24.600205424598
2.4935998916626,-24.592005492833
2.4960000514984,-24.583729869059
2.4983999729156,-24.575028742817
2.5007998943329,-24.565543068317
2.5032000541687,-24.554912779629
2.5055999755859,-24.542791932336
2.5079998970032,-24.528860192046
2.5104000568390,-24.512829893442
2.5127999782562,-24.494459958091
2.5151998996735,-24.473562686612
2.5176000595093,-24.450011069083
2.5199999809265,-24.423741173420
2.5223999023438,-24.394754139708
2.5248000621796,-24.363117088780
2.5271999835968,-24.328959203950
2.5295999050140,-24.292465046181
2.5320000648499,-24.253868397725
2.5343999862671,-24.213441226697
2.5367999076843,-24.171487823255
2.5392000675201,-24.128327962221
2.5415999889374,-24.084291152453
2.5439999103546,-24.039701867816
2.5464000701904,-23.994872169848
2.5487999916077,-23.950089193169
2.5511999130249,-23.905611266578
2.5536000728607,-23.861654085033
2.5559999942780,-23.818394645980
2.5583999156952,-23.775956962783
2.5608000755310,-23.734418656853
2.5631999969482,-23.693802154998
2.5655999183655,-23.654083330498
2.5680000782013,-23.615185030737
2.5703999996185,-23.576989455372
2.5727999210358,-23.539335743588
2.5752000808716,-23.502031213138
2.5776000022888,-23.464853389138
2.5799999237061,-23.427559645536
2.5824000835419,-23.389901911010
2.5848000049591,-23.351624963770
2.5871999263763,-23.312483328109
2.5896000862122,-23.272246084621
2.5920000076294,-23.230706931872
2.5943999290466,-23.187692223477
2.5968000888824,-23.143066152047
2.5992000102997,-23.096735005140
2.6015999317169,-23.048653380381
2.6040000915527,-22.998822853208
2.6064000129700,-22.947296034758
2.6087999343872,-22.894168846955
2.6112000942230,-22.839584043137
2.6136000156403,-22.783721117761
2.6159999370575,-22.726791361154
2.6184000968933,-22.669033713570
2.6208000183105,-22.610703875582
2.6231999397278,-22.552066303765
2.6256000995636,-22.493388383424
2.6280000209808,-22.434931283111
2.6303999423981,-22.376943242289
2.6328001022339,-22.319650720406
2.6352000236511,-22.263254761292
2.6375999450684,-22.207924437169
2.6400001049042,-22.153795342407
2.6424000263214,-22.100964854282
2.6447999477386,-22.049487772460
2.6472001075745,-21.999383470063
2.6496000289917,-21.950627432531
2.6519999504089,-21.903156377996
2.6544001102448,-21.856873529372
2.6568000316620,-21.811647331792
2.6591999530792,-21.767318789662
2.6616001129150,-21.723704520756
2.6640000343323,-21.680605125644
2.6663999557495,-21.637808464040
2.6688001155853,-21.595098143977
2.6712000370026,-21.552260055502
2.6735999584198,-21.509089924763
2.6760001182556,-21.465397259502
2.6784000396729,-21.421015276232
2.6807999610901,-21.375804934883
2.6831998825073,-21.329659449420
2.6856000423431,-21.282506861367
2.6879999637604,-21.234317203469
2.6903998851776,-21.185099043960
2.6928000450134,-21.134903955377
2.6951999664307,-21.083821300278
2.6975998878479,-21.031981380740
2.7000000476837,-20.979547788486
2.7023999691010,-20.926713685266
2.7047998905182,-20.873701538411
2.7072000503540,-20.820751959227
2.7095999717712,-20.768121986607
2.7119998931885,-20.716078367374
2.7144000530243,-20.664891070296
2.7167999744415,-20.614828473166
2.7191998958588,-20.566152288855
2.7216000556946,-20.519114148346
2.7239999771118,-20.473948479616
2.7263998985291,-20.430872294777
2.7288000583649,-20.390083199672
2.7311999797821,-20.351751871404
2.7335999011993,-20.316026920334
2.7360000610352,-20.283032831735
2.7383999824524,-20.252868026093
2.7407999038696,-20.225604698364
2.7432000637054,-20.201295700995
2.7455999851227,-20.179970193196
2.7479999065399,-20.161638164759
2.7504000663757,-20.146293446450
2.7527999877930,-20.133915550270
2.7551999092102,-20.124473731011
2.7576000690460,-20.117928065834
2.7599999904633,-20.114236790956
2.7623999118805,-20.113356338785
2.7648000717163,-20.115244843670
2.7671999931335,-20.119868433962
2.7695999145508,-20.127199726851
2.7720000743866,-20.137225475785
2.7743999958038,-20.149944512472
2.7767999172211,-20.165373055144
2.7792000770569,-20.183544612062
2.7815999984741,-20.204510050560
2.7839999198914,-20.228341789809
2.7864000797272,-20.255128685271
2.7888000011444,-20.284978715218
2.7911999225616,-20.318018264153
2.7936000823975,-20.354387594576
2.7960000038147,-20.394242628457
2.7983999252319,-20.437748812940
2.8008000850677,-20.485078860269
2.8032000064850,-20.536413204641
2.8055999279022,-20.591932152068
2.8080000877380,-20.651814575371
2.8104000091553,-20.716234095149
2.8127999305725,-20.785356404090
2.8152000904083,-20.859331704976
2.8176000118256,-20.938296690451
2.8199999332428,-21.022368690372
2.8224000930786,-21.111638510142
2.8248000144958,-21.206173105286
2.8271999359131,-21.306010336317
2.8296000957489,-21.411154673479
2.8320000171661,-21.521577424840
2.8343999385834,-21.637212735946
2.8368000984192,-21.757958180074
2.8392000198364,-21.883668823501
2.8415999412537,-22.014164289379
2.8440001010895,-22.149221331187
2.8464000225067,-22.288579752387
2.8487999439240,-22.431942116832
2.8512001037598,-22.578976344051
2.8536000251770,-22.729321690943
2.8559999465942,-22.882589695447
2.8584001064301,-23.038373915176
2.8608000278473,-23.196256638218
2.8631999492645,-23.355813353860
2.8656001091003,-23.516628191367
2.8680000305176,-23.678297934556
2.8703999519348,-23.840446394346
2.8728001117706,-24.002734811879
2.8752000331879,-24.164868642823
2.8775999546051,-24.326611121729
2.8800001144409,-24.487790437924
2.8824000358582,-24.648305366823
2.8847999572754,-24.808132003092
2.8872001171112,-24.967326813090
2.8896000385284,-25.126022372359
2.8919999599457,-25.284430139244
2.8943998813629,-25.442831928294
2.8968000411987,-25.601574774189
2.8991999626160,-25.761058134300
2.9015998840332,-25.921725608978
2.9040000438690,-26.084048666464
2.9063999652863,-26.248514530802
2.9087998867035,-26.415612951828
2.9112000465393,-26.585816314198
2.9135999679565,-26.759569874383
2.9159998893738,-26.937272477821
2.9184000492096,-27.119264152655
2.9207999706268,-27.305811048023
2.9231998920441,-27.497095775027
2.9256000518799,-27.693197226012
2.9279999732971,-27.894088115134
2.9303998947144,-28.099616611163
2.9328000545502,-28.309503560703
2.9351999759674,-28.523334332741
2.9375998973846,-28.740551450399
2.9400000572205,-28.960463456167
2.9423999786377,-29.182236995242
2.9447999000549,-29.404917787139
2.9472000598907,-29.627438898371
2.9495999813080,-29.848650216124
2.9519999027252,-30.067345015593
2.9544000625610,-30.282300757326
2.9567999839783,-30.492326371834
2.9591999053955,-30.696311698364
2.9616000652313,-30.893284363287
2.9639999866486,-31.082457225837
2.9663999080658,-31.263283333998
2.9688000679016,-31.435494343321
2.9711999893188,-31.599122793492
2.9735999107361,-31.754522291603
2.9760000705719,-31.902356449318
2.9783999919891,-32.043584547540
2.9807999134064,-32.179422518825
2.9832000732422,-32.311300528926
2.9855999946594,-32.440810322987
2.9879999160767,-32.569649199945
2.9904000759125,-32.699564717643
2.9927999973297,-32.832305285168
2.9951999187469,-32.969569563925
2.9976000785828,-33.112967399994
3.0000000000000,-33.263983061260